Dynamical matrix file
                                                                           
  3    5  0  7.4000000  0.0000000  0.0000000  0.0000000  0.0000000  0.0000000
Basis vectors
      1.045487627    0.000000000    0.000000000
      0.000000000    1.011391364    0.000000000
      0.000000000    0.000000000    1.011391364
           1  'O   '    14573.9934316950     
           2  'Ti  '    43639.9503132932     
           3  'Ba  '    125168.637772025     
    1    3     -0.0243649564      0.0000000000      0.0000000000
    2    2      0.4894494916      0.5056956820      0.5056956820
    3    1      0.0228481744      0.5056956820      0.5056956820
    4    1      0.5349219263      0.0000000000      0.5056956820
    5    1      0.5349219263      0.5056956820      0.0000000000

     Dynamical  Matrix in cartesian axes

     q = (    0.239122868   0.247184234   0.247184234 ) 

    1    1
  0.11880397  0.00000000    0.01302337  0.00086652    0.01302337  0.00086652
  0.01302337 -0.00086652    0.13183981  0.00000000    0.01098784  0.00000000
  0.01302337 -0.00086652    0.01098784  0.00000000    0.13183981  0.00000000
    1    2
  0.00815290  0.00676798   -0.06387393 -0.06168764   -0.06387393 -0.06168764
 -0.06901049 -0.04938091   -0.00221211 -0.00053178   -0.06350539 -0.06337551
 -0.06901049 -0.04938091   -0.06350539 -0.06337551   -0.00221211 -0.00053178
    1    3
 -0.00258881  0.02987127    0.00565916  0.00906063    0.00565916  0.00906063
  0.01841659  0.01832702   -0.00031956  0.00671881    0.00165946  0.01618559
  0.01841659  0.01832702    0.00165946  0.01618559   -0.00031956  0.00671881
    1    4
  0.00764275  0.00175654   -0.00090739  0.02529467    0.00461250  0.02031604
  0.00073443  0.01050956   -0.00207842  0.04191737    0.00041573  0.01020670
  0.00575765  0.02123606   -0.00432596  0.02344829    0.00622824  0.00192255
    1    5
  0.00764275  0.00175654    0.00461250  0.02031604   -0.00090739  0.02529467
  0.00575765  0.02123606    0.00622824  0.00192255   -0.00432596  0.02344829
  0.00073443  0.01050956    0.00041573  0.01020670   -0.00207842  0.04191737
    2    1
  0.00815290 -0.00676798   -0.06901049  0.04938091   -0.06901049  0.04938091
 -0.06387393  0.06168764   -0.00221211  0.00053178   -0.06350539  0.06337551
 -0.06387393  0.06168764   -0.06350539  0.06337551   -0.00221211  0.00053178
    2    2
  0.49382816  0.00000000    0.06356011 -0.01741819    0.06356011 -0.01741819
  0.06356011  0.01741819    0.36168800  0.00000000    0.08003759  0.00000000
  0.06356011  0.01741819    0.08003759  0.00000000    0.36168800  0.00000000
    2    3
 -0.25972803  0.06722978   -0.01328277 -0.00884843   -0.01328277 -0.00884843
 -0.04926563 -0.05783245   -0.05611851 -0.03648976   -0.00954719 -0.00666223
 -0.04926563 -0.05783245   -0.00954719 -0.00666223   -0.05611851 -0.03648976
    2    4
 -0.04136798 -0.05489589   -0.04363048 -0.05473189   -0.01105557 -0.00640819
 -0.01791362 -0.01207427   -0.03616117 -0.03959974   -0.01781374 -0.01651072
 -0.00869362 -0.00549375   -0.06529972 -0.06691049   -0.04162544 -0.03732194
    2    5
 -0.04136798 -0.05489589   -0.01105557 -0.00640819   -0.04363048 -0.05473189
 -0.00869362 -0.00549375   -0.04162544 -0.03732194   -0.06529972 -0.06691049
 -0.01791362 -0.01207427   -0.01781374 -0.01651072   -0.03616117 -0.03959974
    3    1
 -0.00258881 -0.02987127    0.01841659 -0.01832702    0.01841659 -0.01832702
  0.00565916 -0.00906063   -0.00031956 -0.00671881    0.00165946 -0.01618559
  0.00565916 -0.00906063    0.00165946 -0.01618559   -0.00031956 -0.00671881
    3    2
 -0.25972803 -0.06722978   -0.04926563  0.05783245   -0.04926563  0.05783245
 -0.01328277  0.00884843   -0.05611851  0.03648976   -0.00954719  0.00666223
 -0.01328277  0.00884843   -0.00954719  0.00666223   -0.05611851  0.03648976
    3    3
  0.39972244  0.00000000    0.01491549  0.00021726    0.01491549  0.00021726
  0.01491549 -0.00021726    0.12261392  0.00000000    0.01120964  0.00000000
  0.01491549 -0.00021726    0.01120964  0.00000000    0.12261392  0.00000000
    3    4
 -0.02815676  0.00849780    0.11058901 -0.01450608    0.01055301  0.00135083
  0.05104699 -0.00703875   -0.02353419 -0.00466200    0.00889798 -0.00141747
  0.00615895  0.00128922    0.00986462  0.00209095    0.01208112  0.00030046
    3    5
 -0.02815676  0.00849780    0.01055301  0.00135083    0.11058901 -0.01450608
  0.00615895  0.00128922    0.01208112  0.00030046    0.00986462  0.00209095
  0.05104699 -0.00703875    0.00889798 -0.00141747   -0.02353419 -0.00466200
    4    1
  0.00764275 -0.00175654    0.00073443 -0.01050956    0.00575765 -0.02123606
 -0.00090739 -0.02529467   -0.00207842 -0.04191737   -0.00432596 -0.02344829
  0.00461250 -0.02031604    0.00041573 -0.01020670    0.00622824 -0.00192255
    4    2
 -0.04136798  0.05489589   -0.01791362  0.01207427   -0.00869362  0.00549375
 -0.04363048  0.05473189   -0.03616117  0.03959974   -0.06529972  0.06691049
 -0.01105557  0.00640819   -0.01781374  0.01651072   -0.04162544  0.03732194
    4    3
 -0.02815676 -0.00849780    0.05104699  0.00703875    0.00615895 -0.00128922
  0.11058901  0.01450608   -0.02353419  0.00466200    0.00986462 -0.00209095
  0.01055301 -0.00135083    0.00889798  0.00141747    0.01208112 -0.00030046
    4    4
  0.12243728  0.00000000    0.01761557  0.01706163    0.01296051 -0.00101601
  0.01761557 -0.01706163    0.33299659  0.00000000    0.02203434 -0.00081847
  0.01296051  0.00101601    0.02203434  0.00081847    0.13569108  0.00000000
    4    5
  0.01328707  0.00000000    0.00535554 -0.00028818    0.00854895  0.00495131
  0.00854895 -0.00495131   -0.03560362 -0.00132178    0.13761727  0.00000000
  0.00535554  0.00028818    0.05599936  0.00000000   -0.03560362  0.00132178
    5    1
  0.00764275 -0.00175654    0.00575765 -0.02123606    0.00073443 -0.01050956
  0.00461250 -0.02031604    0.00622824 -0.00192255    0.00041573 -0.01020670
 -0.00090739 -0.02529467   -0.00432596 -0.02344829   -0.00207842 -0.04191737
    5    2
 -0.04136798  0.05489589   -0.00869362  0.00549375   -0.01791362  0.01207427
 -0.01105557  0.00640819   -0.04162544  0.03732194   -0.01781374  0.01651072
 -0.04363048  0.05473189   -0.06529972  0.06691049   -0.03616117  0.03959974
    5    3
 -0.02815676 -0.00849780    0.00615895 -0.00128922    0.05104699  0.00703875
  0.01055301 -0.00135083    0.01208112 -0.00030046    0.00889798  0.00141747
  0.11058901  0.01450608    0.00986462 -0.00209095   -0.02353419  0.00466200
    5    4
  0.01328707  0.00000000    0.00854895  0.00495131    0.00535554 -0.00028818
  0.00535554  0.00028818   -0.03560362  0.00132178    0.05599936  0.00000000
  0.00854895 -0.00495131    0.13761727  0.00000000   -0.03560362 -0.00132178
    5    5
  0.12243728  0.00000000    0.01296051 -0.00101601    0.01761557  0.01706163
  0.01296051  0.00101601    0.13569108  0.00000000    0.02203434  0.00081847
  0.01761557 -0.01706163    0.02203434 -0.00081847    0.33299659  0.00000000

     Dynamical  Matrix in cartesian axes

     q = (   -0.239122868  -0.247184234  -0.247184234 ) 

    1    1
  0.11880397  0.00000000    0.01302337 -0.00086652    0.01302337 -0.00086652
  0.01302337  0.00086652    0.13183981  0.00000000    0.01098784  0.00000000
  0.01302337  0.00086652    0.01098784  0.00000000    0.13183981  0.00000000
    1    2
  0.00815290 -0.00676798   -0.06387393  0.06168764   -0.06387393  0.06168764
 -0.06901049  0.04938091   -0.00221211  0.00053178   -0.06350539  0.06337551
 -0.06901049  0.04938091   -0.06350539  0.06337551   -0.00221211  0.00053178
    1    3
 -0.00258881 -0.02987127    0.00565916 -0.00906063    0.00565916 -0.00906063
  0.01841659 -0.01832702   -0.00031956 -0.00671881    0.00165946 -0.01618559
  0.01841659 -0.01832702    0.00165946 -0.01618559   -0.00031956 -0.00671881
    1    4
  0.00764275 -0.00175654   -0.00090739 -0.02529467    0.00461250 -0.02031604
  0.00073443 -0.01050956   -0.00207842 -0.04191737    0.00041573 -0.01020670
  0.00575765 -0.02123606   -0.00432596 -0.02344829    0.00622824 -0.00192255
    1    5
  0.00764275 -0.00175654    0.00461250 -0.02031604   -0.00090739 -0.02529467
  0.00575765 -0.02123606    0.00622824 -0.00192255   -0.00432596 -0.02344829
  0.00073443 -0.01050956    0.00041573 -0.01020670   -0.00207842 -0.04191737
    2    1
  0.00815290  0.00676798   -0.06901049 -0.04938091   -0.06901049 -0.04938091
 -0.06387393 -0.06168764   -0.00221211 -0.00053178   -0.06350539 -0.06337551
 -0.06387393 -0.06168764   -0.06350539 -0.06337551   -0.00221211 -0.00053178
    2    2
  0.49382816  0.00000000    0.06356011  0.01741819    0.06356011  0.01741819
  0.06356011 -0.01741819    0.36168800  0.00000000    0.08003759  0.00000000
  0.06356011 -0.01741819    0.08003759  0.00000000    0.36168800  0.00000000
    2    3
 -0.25972803 -0.06722978   -0.01328277  0.00884843   -0.01328277  0.00884843
 -0.04926563  0.05783245   -0.05611851  0.03648976   -0.00954719  0.00666223
 -0.04926563  0.05783245   -0.00954719  0.00666223   -0.05611851  0.03648976
    2    4
 -0.04136798  0.05489589   -0.04363048  0.05473189   -0.01105557  0.00640819
 -0.01791362  0.01207427   -0.03616117  0.03959974   -0.01781374  0.01651072
 -0.00869362  0.00549375   -0.06529972  0.06691049   -0.04162544  0.03732194
    2    5
 -0.04136798  0.05489589   -0.01105557  0.00640819   -0.04363048  0.05473189
 -0.00869362  0.00549375   -0.04162544  0.03732194   -0.06529972  0.06691049
 -0.01791362  0.01207427   -0.01781374  0.01651072   -0.03616117  0.03959974
    3    1
 -0.00258881  0.02987127    0.01841659  0.01832702    0.01841659  0.01832702
  0.00565916  0.00906063   -0.00031956  0.00671881    0.00165946  0.01618559
  0.00565916  0.00906063    0.00165946  0.01618559   -0.00031956  0.00671881
    3    2
 -0.25972803  0.06722978   -0.04926563 -0.05783245   -0.04926563 -0.05783245
 -0.01328277 -0.00884843   -0.05611851 -0.03648976   -0.00954719 -0.00666223
 -0.01328277 -0.00884843   -0.00954719 -0.00666223   -0.05611851 -0.03648976
    3    3
  0.39972244  0.00000000    0.01491549 -0.00021726    0.01491549 -0.00021726
  0.01491549  0.00021726    0.12261392  0.00000000    0.01120964  0.00000000
  0.01491549  0.00021726    0.01120964  0.00000000    0.12261392  0.00000000
    3    4
 -0.02815676 -0.00849780    0.11058901  0.01450608    0.01055301 -0.00135083
  0.05104699  0.00703875   -0.02353419  0.00466200    0.00889798  0.00141747
  0.00615895 -0.00128922    0.00986462 -0.00209095    0.01208112 -0.00030046
    3    5
 -0.02815676 -0.00849780    0.01055301 -0.00135083    0.11058901  0.01450608
  0.00615895 -0.00128922    0.01208112 -0.00030046    0.00986462 -0.00209095
  0.05104699  0.00703875    0.00889798  0.00141747   -0.02353419  0.00466200
    4    1
  0.00764275  0.00175654    0.00073443  0.01050956    0.00575765  0.02123606
 -0.00090739  0.02529467   -0.00207842  0.04191737   -0.00432596  0.02344829
  0.00461250  0.02031604    0.00041573  0.01020670    0.00622824  0.00192255
    4    2
 -0.04136798 -0.05489589   -0.01791362 -0.01207427   -0.00869362 -0.00549375
 -0.04363048 -0.05473189   -0.03616117 -0.03959974   -0.06529972 -0.06691049
 -0.01105557 -0.00640819   -0.01781374 -0.01651072   -0.04162544 -0.03732194
    4    3
 -0.02815676  0.00849780    0.05104699 -0.00703875    0.00615895  0.00128922
  0.11058901 -0.01450608   -0.02353419 -0.00466200    0.00986462  0.00209095
  0.01055301  0.00135083    0.00889798 -0.00141747    0.01208112  0.00030046
    4    4
  0.12243728  0.00000000    0.01761557 -0.01706163    0.01296051  0.00101601
  0.01761557  0.01706163    0.33299659  0.00000000    0.02203434  0.00081847
  0.01296051 -0.00101601    0.02203434 -0.00081847    0.13569108  0.00000000
    4    5
  0.01328707  0.00000000    0.00535554  0.00028818    0.00854895 -0.00495131
  0.00854895  0.00495131   -0.03560362  0.00132178    0.13761727  0.00000000
  0.00535554 -0.00028818    0.05599936  0.00000000   -0.03560362 -0.00132178
    5    1
  0.00764275  0.00175654    0.00575765  0.02123606    0.00073443  0.01050956
  0.00461250  0.02031604    0.00622824  0.00192255    0.00041573  0.01020670
 -0.00090739  0.02529467   -0.00432596  0.02344829   -0.00207842  0.04191737
    5    2
 -0.04136798 -0.05489589   -0.00869362 -0.00549375   -0.01791362 -0.01207427
 -0.01105557 -0.00640819   -0.04162544 -0.03732194   -0.01781374 -0.01651072
 -0.04363048 -0.05473189   -0.06529972 -0.06691049   -0.03616117 -0.03959974
    5    3
 -0.02815676  0.00849780    0.00615895  0.00128922    0.05104699 -0.00703875
  0.01055301  0.00135083    0.01208112  0.00030046    0.00889798 -0.00141747
  0.11058901 -0.01450608    0.00986462  0.00209095   -0.02353419 -0.00466200
    5    4
  0.01328707  0.00000000    0.00854895 -0.00495131    0.00535554  0.00028818
  0.00535554 -0.00028818   -0.03560362 -0.00132178    0.05599936  0.00000000
  0.00854895  0.00495131    0.13761727  0.00000000   -0.03560362  0.00132178
    5    5
  0.12243728  0.00000000    0.01296051  0.00101601    0.01761557 -0.01706163
  0.01296051 -0.00101601    0.13569108  0.00000000    0.02203434 -0.00081847
  0.01761557  0.01706163    0.02203434  0.00081847    0.33299659  0.00000000

     Dynamical  Matrix in cartesian axes

     q = (    0.239122868  -0.247184234  -0.247184234 ) 

    1    1
  0.11880397  0.00000000   -0.01302337 -0.00086652   -0.01302337 -0.00086652
 -0.01302337  0.00086652    0.13183981  0.00000000    0.01098784  0.00000000
 -0.01302337  0.00086652    0.01098784  0.00000000    0.13183981  0.00000000
    1    2
 -0.00815290 -0.00676798   -0.06387393 -0.06168764   -0.06387393 -0.06168764
 -0.06901049 -0.04938091    0.00221211  0.00053178    0.06350539  0.06337551
 -0.06901049 -0.04938091    0.06350539  0.06337551    0.00221211  0.00053178
    1    3
  0.00258881 -0.02987127    0.00565916  0.00906063    0.00565916  0.00906063
  0.01841659  0.01832702    0.00031956 -0.00671881   -0.00165946 -0.01618559
  0.01841659  0.01832702   -0.00165946 -0.01618559    0.00031956 -0.00671881
    1    4
 -0.00175654  0.00764275    0.02529467  0.00090739    0.02031604 -0.00461250
  0.01050956 -0.00073443   -0.04191737 -0.00207842   -0.01020670  0.00041573
  0.02123606 -0.00575765   -0.02344829 -0.00432596   -0.00192255  0.00622824
    1    5
 -0.00175654  0.00764275    0.02031604 -0.00461250    0.02529467  0.00090739
  0.02123606 -0.00575765   -0.00192255  0.00622824   -0.02344829 -0.00432596
  0.01050956 -0.00073443   -0.01020670  0.00041573   -0.04191737 -0.00207842
    2    1
 -0.00815290  0.00676798   -0.06901049  0.04938091   -0.06901049  0.04938091
 -0.06387393  0.06168764    0.00221211 -0.00053178    0.06350539 -0.06337551
 -0.06387393  0.06168764    0.06350539 -0.06337551    0.00221211 -0.00053178
    2    2
  0.49382816  0.00000000   -0.06356011  0.01741819   -0.06356011  0.01741819
 -0.06356011 -0.01741819    0.36168800  0.00000000    0.08003759  0.00000000
 -0.06356011 -0.01741819    0.08003759  0.00000000    0.36168800  0.00000000
    2    3
 -0.25972803  0.06722978    0.01328277  0.00884843    0.01328277  0.00884843
  0.04926563  0.05783245   -0.05611851 -0.03648976   -0.00954719 -0.00666223
  0.04926563  0.05783245   -0.00954719 -0.00666223   -0.05611851 -0.03648976
    2    4
 -0.05489589  0.04136798    0.05473189 -0.04363048    0.00640819 -0.01105557
  0.01207427 -0.01791362   -0.03959974  0.03616117   -0.01651072  0.01781374
  0.00549375 -0.00869362   -0.06691049  0.06529972   -0.03732194  0.04162544
    2    5
 -0.05489589  0.04136798    0.00640819 -0.01105557    0.05473189 -0.04363048
  0.00549375 -0.00869362   -0.03732194  0.04162544   -0.06691049  0.06529972
  0.01207427 -0.01791362   -0.01651072  0.01781374   -0.03959974  0.03616117
    3    1
  0.00258881  0.02987127    0.01841659 -0.01832702    0.01841659 -0.01832702
  0.00565916 -0.00906063    0.00031956  0.00671881   -0.00165946  0.01618559
  0.00565916 -0.00906063   -0.00165946  0.01618559    0.00031956  0.00671881
    3    2
 -0.25972803 -0.06722978    0.04926563 -0.05783245    0.04926563 -0.05783245
  0.01328277 -0.00884843   -0.05611851  0.03648976   -0.00954719  0.00666223
  0.01328277 -0.00884843   -0.00954719  0.00666223   -0.05611851  0.03648976
    3    3
  0.39972244  0.00000000   -0.01491549 -0.00021726   -0.01491549 -0.00021726
 -0.01491549  0.00021726    0.12261392  0.00000000    0.01120964  0.00000000
 -0.01491549  0.00021726    0.01120964  0.00000000    0.12261392  0.00000000
    3    4
  0.00849780  0.02815676    0.01450608  0.11058901   -0.00135083  0.01055301
  0.00703875  0.05104699   -0.00466200  0.02353419   -0.00141747 -0.00889798
 -0.00128922  0.00615895    0.00209095 -0.00986462    0.00030046 -0.01208112
    3    5
  0.00849780  0.02815676   -0.00135083  0.01055301    0.01450608  0.11058901
 -0.00128922  0.00615895    0.00030046 -0.01208112    0.00209095 -0.00986462
  0.00703875  0.05104699   -0.00141747 -0.00889798   -0.00466200  0.02353419
    4    1
 -0.00175654 -0.00764275    0.01050956  0.00073443    0.02123606  0.00575765
  0.02529467 -0.00090739   -0.04191737  0.00207842   -0.02344829  0.00432596
  0.02031604  0.00461250   -0.01020670 -0.00041573   -0.00192255 -0.00622824
    4    2
 -0.05489589 -0.04136798    0.01207427  0.01791362    0.00549375  0.00869362
  0.05473189  0.04363048   -0.03959974 -0.03616117   -0.06691049 -0.06529972
  0.00640819  0.01105557   -0.01651072 -0.01781374   -0.03732194 -0.04162544
    4    3
  0.00849780 -0.02815676    0.00703875 -0.05104699   -0.00128922 -0.00615895
  0.01450608 -0.11058901   -0.00466200 -0.02353419    0.00209095  0.00986462
 -0.00135083 -0.01055301   -0.00141747  0.00889798    0.00030046  0.01208112
    4    4
  0.12243728  0.00000000   -0.01761557 -0.01706163   -0.01296051  0.00101601
 -0.01761557  0.01706163    0.33299659  0.00000000    0.02203434 -0.00081847
 -0.01296051 -0.00101601    0.02203434  0.00081847    0.13569108  0.00000000
    4    5
  0.01328707  0.00000000   -0.00535554  0.00028818   -0.00854895 -0.00495131
 -0.00854895  0.00495131   -0.03560362 -0.00132178    0.13761727  0.00000000
 -0.00535554 -0.00028818    0.05599936  0.00000000   -0.03560362  0.00132178
    5    1
 -0.00175654 -0.00764275    0.02123606  0.00575765    0.01050956  0.00073443
  0.02031604  0.00461250   -0.00192255 -0.00622824   -0.01020670 -0.00041573
  0.02529467 -0.00090739   -0.02344829  0.00432596   -0.04191737  0.00207842
    5    2
 -0.05489589 -0.04136798    0.00549375  0.00869362    0.01207427  0.01791362
  0.00640819  0.01105557   -0.03732194 -0.04162544   -0.01651072 -0.01781374
  0.05473189  0.04363048   -0.06691049 -0.06529972   -0.03959974 -0.03616117
    5    3
  0.00849780 -0.02815676   -0.00128922 -0.00615895    0.00703875 -0.05104699
 -0.00135083 -0.01055301    0.00030046  0.01208112   -0.00141747  0.00889798
  0.01450608 -0.11058901    0.00209095  0.00986462   -0.00466200 -0.02353419
    5    4
  0.01328707  0.00000000   -0.00854895 -0.00495131   -0.00535554  0.00028818
 -0.00535554 -0.00028818   -0.03560362  0.00132178    0.05599936  0.00000000
 -0.00854895  0.00495131    0.13761727  0.00000000   -0.03560362 -0.00132178
    5    5
  0.12243728  0.00000000   -0.01296051  0.00101601   -0.01761557 -0.01706163
 -0.01296051 -0.00101601    0.13569108  0.00000000    0.02203434  0.00081847
 -0.01761557  0.01706163    0.02203434 -0.00081847    0.33299659  0.00000000

     Dynamical  Matrix in cartesian axes

     q = (   -0.239122868   0.247184234   0.247184234 ) 

    1    1
  0.11880397  0.00000000   -0.01302337  0.00086652   -0.01302337  0.00086652
 -0.01302337 -0.00086652    0.13183981  0.00000000    0.01098784  0.00000000
 -0.01302337 -0.00086652    0.01098784  0.00000000    0.13183981  0.00000000
    1    2
 -0.00815290  0.00676798   -0.06387393  0.06168764   -0.06387393  0.06168764
 -0.06901049  0.04938091    0.00221211 -0.00053178    0.06350539 -0.06337551
 -0.06901049  0.04938091    0.06350539 -0.06337551    0.00221211 -0.00053178
    1    3
  0.00258881  0.02987127    0.00565916 -0.00906063    0.00565916 -0.00906063
  0.01841659 -0.01832702    0.00031956  0.00671881   -0.00165946  0.01618559
  0.01841659 -0.01832702   -0.00165946  0.01618559    0.00031956  0.00671881
    1    4
 -0.00175654 -0.00764275    0.02529467 -0.00090739    0.02031604  0.00461250
  0.01050956  0.00073443   -0.04191737  0.00207842   -0.01020670 -0.00041573
  0.02123606  0.00575765   -0.02344829  0.00432596   -0.00192255 -0.00622824
    1    5
 -0.00175654 -0.00764275    0.02031604  0.00461250    0.02529467 -0.00090739
  0.02123606  0.00575765   -0.00192255 -0.00622824   -0.02344829  0.00432596
  0.01050956  0.00073443   -0.01020670 -0.00041573   -0.04191737  0.00207842
    2    1
 -0.00815290 -0.00676798   -0.06901049 -0.04938091   -0.06901049 -0.04938091
 -0.06387393 -0.06168764    0.00221211  0.00053178    0.06350539  0.06337551
 -0.06387393 -0.06168764    0.06350539  0.06337551    0.00221211  0.00053178
    2    2
  0.49382816  0.00000000   -0.06356011 -0.01741819   -0.06356011 -0.01741819
 -0.06356011  0.01741819    0.36168800  0.00000000    0.08003759  0.00000000
 -0.06356011  0.01741819    0.08003759  0.00000000    0.36168800  0.00000000
    2    3
 -0.25972803 -0.06722978    0.01328277 -0.00884843    0.01328277 -0.00884843
  0.04926563 -0.05783245   -0.05611851  0.03648976   -0.00954719  0.00666223
  0.04926563 -0.05783245   -0.00954719  0.00666223   -0.05611851  0.03648976
    2    4
 -0.05489589 -0.04136798    0.05473189  0.04363048    0.00640819  0.01105557
  0.01207427  0.01791362   -0.03959974 -0.03616117   -0.01651072 -0.01781374
  0.00549375  0.00869362   -0.06691049 -0.06529972   -0.03732194 -0.04162544
    2    5
 -0.05489589 -0.04136798    0.00640819  0.01105557    0.05473189  0.04363048
  0.00549375  0.00869362   -0.03732194 -0.04162544   -0.06691049 -0.06529972
  0.01207427  0.01791362   -0.01651072 -0.01781374   -0.03959974 -0.03616117
    3    1
  0.00258881 -0.02987127    0.01841659  0.01832702    0.01841659  0.01832702
  0.00565916  0.00906063    0.00031956 -0.00671881   -0.00165946 -0.01618559
  0.00565916  0.00906063   -0.00165946 -0.01618559    0.00031956 -0.00671881
    3    2
 -0.25972803  0.06722978    0.04926563  0.05783245    0.04926563  0.05783245
  0.01328277  0.00884843   -0.05611851 -0.03648976   -0.00954719 -0.00666223
  0.01328277  0.00884843   -0.00954719 -0.00666223   -0.05611851 -0.03648976
    3    3
  0.39972244  0.00000000   -0.01491549  0.00021726   -0.01491549  0.00021726
 -0.01491549 -0.00021726    0.12261392  0.00000000    0.01120964  0.00000000
 -0.01491549 -0.00021726    0.01120964  0.00000000    0.12261392  0.00000000
    3    4
  0.00849780 -0.02815676    0.01450608 -0.11058901   -0.00135083 -0.01055301
  0.00703875 -0.05104699   -0.00466200 -0.02353419   -0.00141747  0.00889798
 -0.00128922 -0.00615895    0.00209095  0.00986462    0.00030046  0.01208112
    3    5
  0.00849780 -0.02815676   -0.00135083 -0.01055301    0.01450608 -0.11058901
 -0.00128922 -0.00615895    0.00030046  0.01208112    0.00209095  0.00986462
  0.00703875 -0.05104699   -0.00141747  0.00889798   -0.00466200 -0.02353419
    4    1
 -0.00175654  0.00764275    0.01050956 -0.00073443    0.02123606 -0.00575765
  0.02529467  0.00090739   -0.04191737 -0.00207842   -0.02344829 -0.00432596
  0.02031604 -0.00461250   -0.01020670  0.00041573   -0.00192255  0.00622824
    4    2
 -0.05489589  0.04136798    0.01207427 -0.01791362    0.00549375 -0.00869362
  0.05473189 -0.04363048   -0.03959974  0.03616117   -0.06691049  0.06529972
  0.00640819 -0.01105557   -0.01651072  0.01781374   -0.03732194  0.04162544
    4    3
  0.00849780  0.02815676    0.00703875  0.05104699   -0.00128922  0.00615895
  0.01450608  0.11058901   -0.00466200  0.02353419    0.00209095 -0.00986462
 -0.00135083  0.01055301   -0.00141747 -0.00889798    0.00030046 -0.01208112
    4    4
  0.12243728  0.00000000   -0.01761557  0.01706163   -0.01296051 -0.00101601
 -0.01761557 -0.01706163    0.33299659  0.00000000    0.02203434  0.00081847
 -0.01296051  0.00101601    0.02203434 -0.00081847    0.13569108  0.00000000
    4    5
  0.01328707  0.00000000   -0.00535554 -0.00028818   -0.00854895  0.00495131
 -0.00854895 -0.00495131   -0.03560362  0.00132178    0.13761727  0.00000000
 -0.00535554  0.00028818    0.05599936  0.00000000   -0.03560362 -0.00132178
    5    1
 -0.00175654  0.00764275    0.02123606 -0.00575765    0.01050956 -0.00073443
  0.02031604 -0.00461250   -0.00192255  0.00622824   -0.01020670  0.00041573
  0.02529467  0.00090739   -0.02344829 -0.00432596   -0.04191737 -0.00207842
    5    2
 -0.05489589  0.04136798    0.00549375 -0.00869362    0.01207427 -0.01791362
  0.00640819 -0.01105557   -0.03732194  0.04162544   -0.01651072  0.01781374
  0.05473189 -0.04363048   -0.06691049  0.06529972   -0.03959974  0.03616117
    5    3
  0.00849780  0.02815676   -0.00128922  0.00615895    0.00703875  0.05104699
 -0.00135083  0.01055301    0.00030046 -0.01208112   -0.00141747 -0.00889798
  0.01450608  0.11058901    0.00209095 -0.00986462   -0.00466200  0.02353419
    5    4
  0.01328707  0.00000000   -0.00854895  0.00495131   -0.00535554 -0.00028818
 -0.00535554  0.00028818   -0.03560362 -0.00132178    0.05599936  0.00000000
 -0.00854895 -0.00495131    0.13761727  0.00000000   -0.03560362  0.00132178
    5    5
  0.12243728  0.00000000   -0.01296051 -0.00101601   -0.01761557  0.01706163
 -0.01296051  0.00101601    0.13569108  0.00000000    0.02203434 -0.00081847
 -0.01761557 -0.01706163    0.02203434  0.00081847    0.33299659  0.00000000

     Dynamical  Matrix in cartesian axes

     q = (    0.239122868   0.247184234  -0.247184234 ) 

    1    1
  0.11880397  0.00000000    0.01302337  0.00086652   -0.01302337 -0.00086652
  0.01302337 -0.00086652    0.13183981  0.00000000   -0.01098784  0.00000000
 -0.01302337  0.00086652   -0.01098784  0.00000000    0.13183981  0.00000000
    1    2
 -0.00676798  0.00815290    0.06168764 -0.06387393   -0.06168764  0.06387393
  0.04938091 -0.06901049    0.00053178 -0.00221211   -0.06337551  0.06350539
 -0.04938091  0.06901049   -0.06337551  0.06350539    0.00053178 -0.00221211
    1    3
 -0.02987127 -0.00258881   -0.00906063  0.00565916    0.00906063 -0.00565916
 -0.01832702  0.01841659   -0.00671881 -0.00031956    0.01618559 -0.00165946
  0.01832702 -0.01841659    0.01618559 -0.00165946   -0.00671881 -0.00031956
    1    4
 -0.00175654  0.00764275   -0.02529467 -0.00090739    0.02031604 -0.00461250
 -0.01050956  0.00073443   -0.04191737 -0.00207842    0.01020670 -0.00041573
  0.02123606 -0.00575765    0.02344829  0.00432596   -0.00192255  0.00622824
    1    5
  0.00764275  0.00175654    0.00461250  0.02031604    0.00090739 -0.02529467
  0.00575765  0.02123606    0.00622824  0.00192255    0.00432596 -0.02344829
 -0.00073443 -0.01050956   -0.00041573 -0.01020670   -0.00207842  0.04191737
    2    1
 -0.00676798 -0.00815290    0.04938091  0.06901049   -0.04938091 -0.06901049
  0.06168764  0.06387393    0.00053178  0.00221211   -0.06337551 -0.06350539
 -0.06168764 -0.06387393   -0.06337551 -0.06350539    0.00053178  0.00221211
    2    2
  0.49382816  0.00000000    0.06356011 -0.01741819   -0.06356011  0.01741819
  0.06356011  0.01741819    0.36168800  0.00000000   -0.08003759  0.00000000
 -0.06356011 -0.01741819   -0.08003759  0.00000000    0.36168800  0.00000000
    2    3
 -0.25972803  0.06722978   -0.01328277 -0.00884843    0.01328277  0.00884843
 -0.04926563 -0.05783245   -0.05611851 -0.03648976    0.00954719  0.00666223
  0.04926563  0.05783245    0.00954719  0.00666223   -0.05611851 -0.03648976
    2    4
 -0.04136798 -0.05489589   -0.04363048 -0.05473189    0.01105557  0.00640819
 -0.01791362 -0.01207427   -0.03616117 -0.03959974    0.01781374  0.01651072
  0.00869362  0.00549375    0.06529972  0.06691049   -0.04162544 -0.03732194
    2    5
 -0.05489589  0.04136798   -0.00640819  0.01105557    0.05473189 -0.04363048
 -0.00549375  0.00869362   -0.03732194  0.04162544    0.06691049 -0.06529972
  0.01207427 -0.01791362    0.01651072 -0.01781374   -0.03959974  0.03616117
    3    1
 -0.02987127  0.00258881   -0.01832702 -0.01841659    0.01832702  0.01841659
 -0.00906063 -0.00565916   -0.00671881  0.00031956    0.01618559  0.00165946
  0.00906063  0.00565916    0.01618559  0.00165946   -0.00671881  0.00031956
    3    2
 -0.25972803 -0.06722978   -0.04926563  0.05783245    0.04926563 -0.05783245
 -0.01328277  0.00884843   -0.05611851  0.03648976    0.00954719 -0.00666223
  0.01328277 -0.00884843    0.00954719 -0.00666223   -0.05611851  0.03648976
    3    3
  0.39972244  0.00000000    0.01491549  0.00021726   -0.01491549 -0.00021726
  0.01491549 -0.00021726    0.12261392  0.00000000   -0.01120964  0.00000000
 -0.01491549  0.00021726   -0.01120964  0.00000000    0.12261392  0.00000000
    3    4
 -0.02815676  0.00849780    0.11058901 -0.01450608   -0.01055301 -0.00135083
  0.05104699 -0.00703875   -0.02353419 -0.00466200   -0.00889798  0.00141747
 -0.00615895 -0.00128922   -0.00986462 -0.00209095    0.01208112  0.00030046
    3    5
  0.00849780  0.02815676    0.00135083 -0.01055301    0.01450608  0.11058901
  0.00128922 -0.00615895    0.00030046 -0.01208112   -0.00209095  0.00986462
  0.00703875  0.05104699    0.00141747  0.00889798   -0.00466200  0.02353419
    4    1
 -0.00175654 -0.00764275   -0.01050956 -0.00073443    0.02123606  0.00575765
 -0.02529467  0.00090739   -0.04191737  0.00207842    0.02344829 -0.00432596
  0.02031604  0.00461250    0.01020670  0.00041573   -0.00192255 -0.00622824
    4    2
 -0.04136798  0.05489589   -0.01791362  0.01207427    0.00869362 -0.00549375
 -0.04363048  0.05473189   -0.03616117  0.03959974    0.06529972 -0.06691049
  0.01105557 -0.00640819    0.01781374 -0.01651072   -0.04162544  0.03732194
    4    3
 -0.02815676 -0.00849780    0.05104699  0.00703875   -0.00615895  0.00128922
  0.11058901  0.01450608   -0.02353419  0.00466200   -0.00986462  0.00209095
 -0.01055301  0.00135083   -0.00889798 -0.00141747    0.01208112 -0.00030046
    4    4
  0.12243728  0.00000000    0.01761557  0.01706163   -0.01296051  0.00101601
  0.01761557 -0.01706163    0.33299659  0.00000000   -0.02203434  0.00081847
 -0.01296051 -0.00101601   -0.02203434 -0.00081847    0.13569108  0.00000000
    4    5
 -0.00000000 -0.01328707   -0.00028818 -0.00535554   -0.00495131  0.00854895
 -0.00495131 -0.00854895   -0.00132178  0.03560362    0.00000000  0.13761727
 -0.00028818  0.00535554    0.00000000  0.05599936    0.00132178  0.03560362
    5    1
  0.00764275 -0.00175654    0.00575765 -0.02123606   -0.00073443  0.01050956
  0.00461250 -0.02031604    0.00622824 -0.00192255   -0.00041573  0.01020670
  0.00090739  0.02529467    0.00432596  0.02344829   -0.00207842 -0.04191737
    5    2
 -0.05489589 -0.04136798   -0.00549375 -0.00869362    0.01207427  0.01791362
 -0.00640819 -0.01105557   -0.03732194 -0.04162544    0.01651072  0.01781374
  0.05473189  0.04363048    0.06691049  0.06529972   -0.03959974 -0.03616117
    5    3
  0.00849780 -0.02815676    0.00128922  0.00615895    0.00703875 -0.05104699
  0.00135083  0.01055301    0.00030046  0.01208112    0.00141747 -0.00889798
  0.01450608 -0.11058901   -0.00209095 -0.00986462   -0.00466200 -0.02353419
    5    4
 -0.00000000  0.01328707   -0.00495131  0.00854895   -0.00028818 -0.00535554
 -0.00028818  0.00535554   -0.00132178 -0.03560362    0.00000000 -0.05599936
 -0.00495131 -0.00854895    0.00000000 -0.13761727    0.00132178 -0.03560362
    5    5
  0.12243728  0.00000000    0.01296051 -0.00101601   -0.01761557 -0.01706163
  0.01296051  0.00101601    0.13569108  0.00000000   -0.02203434 -0.00081847
 -0.01761557  0.01706163   -0.02203434  0.00081847    0.33299659  0.00000000

     Dynamical  Matrix in cartesian axes

     q = (   -0.239122868  -0.247184234   0.247184234 ) 

    1    1
  0.11880397  0.00000000    0.01302337 -0.00086652   -0.01302337  0.00086652
  0.01302337  0.00086652    0.13183981  0.00000000   -0.01098784  0.00000000
 -0.01302337 -0.00086652   -0.01098784  0.00000000    0.13183981  0.00000000
    1    2
 -0.00676798 -0.00815290    0.06168764  0.06387393   -0.06168764 -0.06387393
  0.04938091  0.06901049    0.00053178  0.00221211   -0.06337551 -0.06350539
 -0.04938091 -0.06901049   -0.06337551 -0.06350539    0.00053178  0.00221211
    1    3
 -0.02987127  0.00258881   -0.00906063 -0.00565916    0.00906063  0.00565916
 -0.01832702 -0.01841659   -0.00671881  0.00031956    0.01618559  0.00165946
  0.01832702  0.01841659    0.01618559  0.00165946   -0.00671881  0.00031956
    1    4
 -0.00175654 -0.00764275   -0.02529467  0.00090739    0.02031604  0.00461250
 -0.01050956 -0.00073443   -0.04191737  0.00207842    0.01020670  0.00041573
  0.02123606  0.00575765    0.02344829 -0.00432596   -0.00192255 -0.00622824
    1    5
  0.00764275 -0.00175654    0.00461250 -0.02031604    0.00090739  0.02529467
  0.00575765 -0.02123606    0.00622824 -0.00192255    0.00432596  0.02344829
 -0.00073443  0.01050956   -0.00041573  0.01020670   -0.00207842 -0.04191737
    2    1
 -0.00676798  0.00815290    0.04938091 -0.06901049   -0.04938091  0.06901049
  0.06168764 -0.06387393    0.00053178 -0.00221211   -0.06337551  0.06350539
 -0.06168764  0.06387393   -0.06337551  0.06350539    0.00053178 -0.00221211
    2    2
  0.49382816  0.00000000    0.06356011  0.01741819   -0.06356011 -0.01741819
  0.06356011 -0.01741819    0.36168800  0.00000000   -0.08003759  0.00000000
 -0.06356011  0.01741819   -0.08003759  0.00000000    0.36168800  0.00000000
    2    3
 -0.25972803 -0.06722978   -0.01328277  0.00884843    0.01328277 -0.00884843
 -0.04926563  0.05783245   -0.05611851  0.03648976    0.00954719 -0.00666223
  0.04926563 -0.05783245    0.00954719 -0.00666223   -0.05611851  0.03648976
    2    4
 -0.04136798  0.05489589   -0.04363048  0.05473189    0.01105557 -0.00640819
 -0.01791362  0.01207427   -0.03616117  0.03959974    0.01781374 -0.01651072
  0.00869362 -0.00549375    0.06529972 -0.06691049   -0.04162544  0.03732194
    2    5
 -0.05489589 -0.04136798   -0.00640819 -0.01105557    0.05473189  0.04363048
 -0.00549375 -0.00869362   -0.03732194 -0.04162544    0.06691049  0.06529972
  0.01207427  0.01791362    0.01651072  0.01781374   -0.03959974 -0.03616117
    3    1
 -0.02987127 -0.00258881   -0.01832702  0.01841659    0.01832702 -0.01841659
 -0.00906063  0.00565916   -0.00671881 -0.00031956    0.01618559 -0.00165946
  0.00906063 -0.00565916    0.01618559 -0.00165946   -0.00671881 -0.00031956
    3    2
 -0.25972803  0.06722978   -0.04926563 -0.05783245    0.04926563  0.05783245
 -0.01328277 -0.00884843   -0.05611851 -0.03648976    0.00954719  0.00666223
  0.01328277  0.00884843    0.00954719  0.00666223   -0.05611851 -0.03648976
    3    3
  0.39972244  0.00000000    0.01491549 -0.00021726   -0.01491549  0.00021726
  0.01491549  0.00021726    0.12261392  0.00000000   -0.01120964  0.00000000
 -0.01491549 -0.00021726   -0.01120964  0.00000000    0.12261392  0.00000000
    3    4
 -0.02815676 -0.00849780    0.11058901  0.01450608   -0.01055301  0.00135083
  0.05104699  0.00703875   -0.02353419  0.00466200   -0.00889798 -0.00141747
 -0.00615895  0.00128922   -0.00986462  0.00209095    0.01208112 -0.00030046
    3    5
  0.00849780 -0.02815676    0.00135083  0.01055301    0.01450608 -0.11058901
  0.00128922  0.00615895    0.00030046  0.01208112   -0.00209095 -0.00986462
  0.00703875 -0.05104699    0.00141747 -0.00889798   -0.00466200 -0.02353419
    4    1
 -0.00175654  0.00764275   -0.01050956  0.00073443    0.02123606 -0.00575765
 -0.02529467 -0.00090739   -0.04191737 -0.00207842    0.02344829  0.00432596
  0.02031604 -0.00461250    0.01020670 -0.00041573   -0.00192255  0.00622824
    4    2
 -0.04136798 -0.05489589   -0.01791362 -0.01207427    0.00869362  0.00549375
 -0.04363048 -0.05473189   -0.03616117 -0.03959974    0.06529972  0.06691049
  0.01105557  0.00640819    0.01781374  0.01651072   -0.04162544 -0.03732194
    4    3
 -0.02815676  0.00849780    0.05104699 -0.00703875   -0.00615895 -0.00128922
  0.11058901 -0.01450608   -0.02353419 -0.00466200   -0.00986462 -0.00209095
 -0.01055301 -0.00135083   -0.00889798  0.00141747    0.01208112  0.00030046
    4    4
  0.12243728  0.00000000    0.01761557 -0.01706163   -0.01296051 -0.00101601
  0.01761557  0.01706163    0.33299659  0.00000000   -0.02203434 -0.00081847
 -0.01296051  0.00101601   -0.02203434  0.00081847    0.13569108  0.00000000
    4    5
 -0.00000000  0.01328707   -0.00028818  0.00535554   -0.00495131 -0.00854895
 -0.00495131  0.00854895   -0.00132178 -0.03560362    0.00000000 -0.13761727
 -0.00028818 -0.00535554    0.00000000 -0.05599936    0.00132178 -0.03560362
    5    1
  0.00764275  0.00175654    0.00575765  0.02123606   -0.00073443 -0.01050956
  0.00461250  0.02031604    0.00622824  0.00192255   -0.00041573 -0.01020670
  0.00090739 -0.02529467    0.00432596 -0.02344829   -0.00207842  0.04191737
    5    2
 -0.05489589  0.04136798   -0.00549375  0.00869362    0.01207427 -0.01791362
 -0.00640819  0.01105557   -0.03732194  0.04162544    0.01651072 -0.01781374
  0.05473189 -0.04363048    0.06691049 -0.06529972   -0.03959974  0.03616117
    5    3
  0.00849780  0.02815676    0.00128922 -0.00615895    0.00703875  0.05104699
  0.00135083 -0.01055301    0.00030046 -0.01208112    0.00141747  0.00889798
  0.01450608  0.11058901   -0.00209095  0.00986462   -0.00466200  0.02353419
    5    4
 -0.00000000 -0.01328707   -0.00495131 -0.00854895   -0.00028818  0.00535554
 -0.00028818 -0.00535554   -0.00132178  0.03560362    0.00000000  0.05599936
 -0.00495131  0.00854895    0.00000000  0.13761727    0.00132178  0.03560362
    5    5
  0.12243728  0.00000000    0.01296051  0.00101601   -0.01761557  0.01706163
  0.01296051 -0.00101601    0.13569108  0.00000000   -0.02203434  0.00081847
 -0.01761557 -0.01706163   -0.02203434 -0.00081847    0.33299659  0.00000000

     Dynamical  Matrix in cartesian axes

     q = (    0.239122868  -0.247184234   0.247184234 ) 

    1    1
  0.11880397  0.00000000   -0.01302337 -0.00086652    0.01302337  0.00086652
 -0.01302337  0.00086652    0.13183981  0.00000000   -0.01098784  0.00000000
  0.01302337 -0.00086652   -0.01098784  0.00000000    0.13183981  0.00000000
    1    2
 -0.00676798  0.00815290   -0.06168764  0.06387393    0.06168764 -0.06387393
 -0.04938091  0.06901049    0.00053178 -0.00221211   -0.06337551  0.06350539
  0.04938091 -0.06901049   -0.06337551  0.06350539    0.00053178 -0.00221211
    1    3
 -0.02987127 -0.00258881    0.00906063 -0.00565916   -0.00906063  0.00565916
  0.01832702 -0.01841659   -0.00671881 -0.00031956    0.01618559 -0.00165946
 -0.01832702  0.01841659    0.01618559 -0.00165946   -0.00671881 -0.00031956
    1    4
  0.00764275  0.00175654    0.00090739 -0.02529467    0.00461250  0.02031604
 -0.00073443 -0.01050956   -0.00207842  0.04191737   -0.00041573 -0.01020670
  0.00575765  0.02123606    0.00432596 -0.02344829    0.00622824  0.00192255
    1    5
 -0.00175654  0.00764275    0.02031604 -0.00461250   -0.02529467 -0.00090739
  0.02123606 -0.00575765   -0.00192255  0.00622824    0.02344829  0.00432596
 -0.01050956  0.00073443    0.01020670 -0.00041573   -0.04191737 -0.00207842
    2    1
 -0.00676798 -0.00815290   -0.04938091 -0.06901049    0.04938091  0.06901049
 -0.06168764 -0.06387393    0.00053178  0.00221211   -0.06337551 -0.06350539
  0.06168764  0.06387393   -0.06337551 -0.06350539    0.00053178  0.00221211
    2    2
  0.49382816  0.00000000   -0.06356011  0.01741819    0.06356011 -0.01741819
 -0.06356011 -0.01741819    0.36168800  0.00000000   -0.08003759  0.00000000
  0.06356011  0.01741819   -0.08003759  0.00000000    0.36168800  0.00000000
    2    3
 -0.25972803  0.06722978    0.01328277  0.00884843   -0.01328277 -0.00884843
  0.04926563  0.05783245   -0.05611851 -0.03648976    0.00954719  0.00666223
 -0.04926563 -0.05783245    0.00954719  0.00666223   -0.05611851 -0.03648976
    2    4
 -0.05489589  0.04136798    0.05473189 -0.04363048   -0.00640819  0.01105557
  0.01207427 -0.01791362   -0.03959974  0.03616117    0.01651072 -0.01781374
 -0.00549375  0.00869362    0.06691049 -0.06529972   -0.03732194  0.04162544
    2    5
