Dynamical matrix file
                                                                           
  3    5  0  7.4000000  0.0000000  0.0000000  0.0000000  0.0000000  0.0000000
Basis vectors
      1.045487627    0.000000000    0.000000000
      0.000000000    1.011391364    0.000000000
      0.000000000    0.000000000    1.011391364
           1  'O   '    14573.9934316950     
           2  'Ti  '    43639.9503132932     
           3  'Ba  '    125168.637772025     
    1    3     -0.0243649564      0.0000000000      0.0000000000
    2    2      0.4894494916      0.5056956820      0.5056956820
    3    1      0.0228481744      0.5056956820      0.5056956820
    4    1      0.5349219263      0.0000000000      0.5056956820
    5    1      0.5349219263      0.5056956820      0.0000000000

     Dynamical  Matrix in cartesian axes

     q = (    0.000000000   0.247184234   0.247184234 ) 

    1    1
  0.07794258  0.00000000    0.00000000 -0.00038823    0.00000000 -0.00038823
  0.00000000  0.00038823    0.15095493  0.00000000    0.02279496  0.00000000
  0.00000000  0.00038823    0.02279496  0.00000000    0.15095493  0.00000000
    1    2
  0.00000000  0.03993176   -0.00028178  0.00000000   -0.00028178  0.00000000
 -0.02047231  0.00000000   -0.00000000 -0.01331926   -0.00000000 -0.13690594
 -0.02047231  0.00000000   -0.00000000 -0.13690594   -0.00000000 -0.01331926
    1    3
  0.00000000  0.01020234    0.00362485 -0.00000000    0.00362485 -0.00000000
  0.01730822 -0.00000000    0.00000000  0.01280765    0.00000000  0.02743534
  0.01730822 -0.00000000    0.00000000  0.02743534    0.00000000  0.01280765
    1    4
  0.00381806 -0.00381806   -0.00024533 -0.00024533    0.00443825  0.00443825
 -0.00022993 -0.00022993   -0.04839230  0.04839230   -0.01397361  0.01397361
  0.00420424  0.00420424   -0.03162233  0.03162233   -0.00810649  0.00810649
    1    5
  0.00381806 -0.00381806    0.00443825  0.00443825   -0.00024533 -0.00024533
  0.00420424  0.00420424   -0.00810649  0.00810649   -0.03162233  0.03162233
 -0.00022993 -0.00022993   -0.01397361  0.01397361   -0.04839230  0.04839230
    2    1
  0.00000000 -0.03993176   -0.02047231 -0.00000000   -0.02047231 -0.00000000
 -0.00028178 -0.00000000   -0.00000000  0.01331926   -0.00000000  0.13690594
 -0.00028178 -0.00000000   -0.00000000  0.13690594   -0.00000000  0.01331926
    2    2
  0.28416377  0.00000000    0.00000000 -0.01719737    0.00000000 -0.01719737
  0.00000000  0.01719737    0.39560311  0.00000000    0.13201158  0.00000000
  0.00000000  0.01719737    0.13201158  0.00000000    0.39560311  0.00000000
    2    3
 -0.11057254  0.00000000    0.00000000  0.00061413    0.00000000  0.00061413
  0.00000000 -0.01307392   -0.10124659  0.00000000   -0.02339016  0.00000000
  0.00000000 -0.01307392   -0.02339016  0.00000000   -0.10124659  0.00000000
    2    4
 -0.02255123 -0.02255123    0.00428568 -0.00428568    0.00093213 -0.00093213
  0.00195313 -0.00195313   -0.06708934 -0.06708934   -0.02845204 -0.02845204
 -0.00101256  0.00101256   -0.08899253 -0.08899253   -0.05185521 -0.05185521
    2    5
 -0.02255123 -0.02255123    0.00093213 -0.00093213    0.00428568 -0.00428568
 -0.00101256  0.00101256   -0.05185521 -0.05185521   -0.08899253 -0.08899253
  0.00195313 -0.00195313   -0.02845204 -0.02845204   -0.06708934 -0.06708934
    3    1
  0.00000000 -0.01020234    0.01730822  0.00000000    0.01730822  0.00000000
  0.00362485  0.00000000    0.00000000 -0.01280765    0.00000000 -0.02743534
  0.00362485  0.00000000    0.00000000 -0.02743534    0.00000000 -0.01280765
    3    2
 -0.11057254  0.00000000    0.00000000  0.01307392    0.00000000  0.01307392
  0.00000000 -0.00061413   -0.10124659  0.00000000   -0.02339016  0.00000000
  0.00000000 -0.00061413   -0.02339016  0.00000000   -0.10124659  0.00000000
    3    3
  0.28486177  0.00000000    0.00000000  0.00001911    0.00000000  0.00001911
  0.00000000 -0.00001911    0.12408980  0.00000000    0.01700033  0.00000000
  0.00000000 -0.00001911    0.01700033  0.00000000    0.12408980  0.00000000
    3    4
 -0.03696530 -0.03696530    0.01864916 -0.01864916   -0.00079542  0.00079542
  0.00660724 -0.00660724   -0.01868768 -0.01868768    0.01020610  0.01020610
 -0.00165188  0.00165188    0.01623527  0.01623527    0.01494982  0.01494982
    3    5
 -0.03696530 -0.03696530   -0.00079542  0.00079542    0.01864916 -0.01864916
 -0.00165188  0.00165188    0.01494982  0.01494982    0.01623527  0.01623527
  0.00660724 -0.00660724    0.01020610  0.01020610   -0.01868768 -0.01868768
    4    1
  0.00381806  0.00381806   -0.00022993  0.00022993    0.00420424 -0.00420424
 -0.00024533  0.00024533   -0.04839230 -0.04839230   -0.03162233 -0.03162233
  0.00443825 -0.00443825   -0.01397361 -0.01397361   -0.00810649 -0.00810649
    4    2
 -0.02255123  0.02255123    0.00195313  0.00195313   -0.00101256 -0.00101256
  0.00428568  0.00428568   -0.06708934  0.06708934   -0.08899253  0.08899253
  0.00093213  0.00093213   -0.02845204  0.02845204   -0.05185521  0.05185521
    4    3
 -0.03696530  0.03696530    0.00660724  0.00660724   -0.00165188 -0.00165188
  0.01864916  0.01864916   -0.01868768  0.01868768    0.01623527 -0.01623527
 -0.00079542 -0.00079542    0.01020610 -0.01020610    0.01494982 -0.01494982
    4    4
  0.11228147  0.00000000    0.00000000  0.01001126    0.00000000 -0.00198764
  0.00000000 -0.01001126    0.37220956  0.00000000    0.03163023  0.00000000
  0.00000000  0.00198764    0.03163023  0.00000000    0.14436625  0.00000000
    4    5
  0.00518174  0.00000000    0.00000000 -0.00102722    0.00000000  0.00117296
  0.00000000 -0.00117296   -0.02414270  0.00000000    0.17095869  0.00000000
  0.00000000  0.00102722    0.06797514  0.00000000   -0.02414270  0.00000000
    5    1
  0.00381806  0.00381806    0.00420424 -0.00420424   -0.00022993  0.00022993
  0.00443825 -0.00443825   -0.00810649 -0.00810649   -0.01397361 -0.01397361
 -0.00024533  0.00024533   -0.03162233 -0.03162233   -0.04839230 -0.04839230
    5    2
 -0.02255123  0.02255123   -0.00101256 -0.00101256    0.00195313  0.00195313
  0.00093213  0.00093213   -0.05185521  0.05185521   -0.02845204  0.02845204
  0.00428568  0.00428568   -0.08899253  0.08899253   -0.06708934  0.06708934
    5    3
 -0.03696530  0.03696530   -0.00165188 -0.00165188    0.00660724  0.00660724
 -0.00079542 -0.00079542    0.01494982 -0.01494982    0.01020610 -0.01020610
  0.01864916  0.01864916    0.01623527 -0.01623527   -0.01868768  0.01868768
    5    4
  0.00518174  0.00000000    0.00000000  0.00117296    0.00000000 -0.00102722
  0.00000000  0.00102722   -0.02414270  0.00000000    0.06797514  0.00000000
  0.00000000 -0.00117296    0.17095869  0.00000000   -0.02414270  0.00000000
    5    5
  0.11228147  0.00000000    0.00000000 -0.00198764    0.00000000  0.01001126
  0.00000000  0.00198764    0.14436625  0.00000000    0.03163023  0.00000000
  0.00000000 -0.01001126    0.03163023  0.00000000    0.37220956  0.00000000

     Dynamical  Matrix in cartesian axes

     q = (    0.000000000  -0.247184234  -0.247184234 ) 

    1    1
  0.07794258  0.00000000    0.00000000  0.00038823    0.00000000  0.00038823
  0.00000000 -0.00038823    0.15095493  0.00000000    0.02279496  0.00000000
  0.00000000 -0.00038823    0.02279496  0.00000000    0.15095493  0.00000000
    1    2
  0.00000000 -0.03993176   -0.00028178 -0.00000000   -0.00028178 -0.00000000
 -0.02047231 -0.00000000   -0.00000000  0.01331926   -0.00000000  0.13690594
 -0.02047231 -0.00000000   -0.00000000  0.13690594   -0.00000000  0.01331926
    1    3
  0.00000000 -0.01020234    0.00362485  0.00000000    0.00362485  0.00000000
  0.01730822  0.00000000    0.00000000 -0.01280765    0.00000000 -0.02743534
  0.01730822  0.00000000    0.00000000 -0.02743534    0.00000000 -0.01280765
    1    4
  0.00381806  0.00381806   -0.00024533  0.00024533    0.00443825 -0.00443825
 -0.00022993  0.00022993   -0.04839230 -0.04839230   -0.01397361 -0.01397361
  0.00420424 -0.00420424   -0.03162233 -0.03162233   -0.00810649 -0.00810649
    1    5
  0.00381806  0.00381806    0.00443825 -0.00443825   -0.00024533  0.00024533
  0.00420424 -0.00420424   -0.00810649 -0.00810649   -0.03162233 -0.03162233
 -0.00022993  0.00022993   -0.01397361 -0.01397361   -0.04839230 -0.04839230
    2    1
  0.00000000  0.03993176   -0.02047231  0.00000000   -0.02047231  0.00000000
 -0.00028178  0.00000000   -0.00000000 -0.01331926   -0.00000000 -0.13690594
 -0.00028178  0.00000000   -0.00000000 -0.13690594   -0.00000000 -0.01331926
    2    2
  0.28416377  0.00000000    0.00000000  0.01719737    0.00000000  0.01719737
  0.00000000 -0.01719737    0.39560311  0.00000000    0.13201158  0.00000000
  0.00000000 -0.01719737    0.13201158  0.00000000    0.39560311  0.00000000
    2    3
 -0.11057254  0.00000000    0.00000000 -0.00061413    0.00000000 -0.00061413
  0.00000000  0.01307392   -0.10124659  0.00000000   -0.02339016  0.00000000
  0.00000000  0.01307392   -0.02339016  0.00000000   -0.10124659  0.00000000
    2    4
 -0.02255123  0.02255123    0.00428568  0.00428568    0.00093213  0.00093213
  0.00195313  0.00195313   -0.06708934  0.06708934   -0.02845204  0.02845204
 -0.00101256 -0.00101256   -0.08899253  0.08899253   -0.05185521  0.05185521
    2    5
 -0.02255123  0.02255123    0.00093213  0.00093213    0.00428568  0.00428568
 -0.00101256 -0.00101256   -0.05185521  0.05185521   -0.08899253  0.08899253
  0.00195313  0.00195313   -0.02845204  0.02845204   -0.06708934  0.06708934
    3    1
  0.00000000  0.01020234    0.01730822 -0.00000000    0.01730822 -0.00000000
  0.00362485 -0.00000000    0.00000000  0.01280765    0.00000000  0.02743534
  0.00362485 -0.00000000    0.00000000  0.02743534    0.00000000  0.01280765
    3    2
 -0.11057254  0.00000000    0.00000000 -0.01307392    0.00000000 -0.01307392
  0.00000000  0.00061413   -0.10124659  0.00000000   -0.02339016  0.00000000
  0.00000000  0.00061413   -0.02339016  0.00000000   -0.10124659  0.00000000
    3    3
  0.28486177  0.00000000    0.00000000 -0.00001911    0.00000000 -0.00001911
  0.00000000  0.00001911    0.12408980  0.00000000    0.01700033  0.00000000
  0.00000000  0.00001911    0.01700033  0.00000000    0.12408980  0.00000000
    3    4
 -0.03696530  0.03696530    0.01864916  0.01864916   -0.00079542 -0.00079542
  0.00660724  0.00660724   -0.01868768  0.01868768    0.01020610 -0.01020610
 -0.00165188 -0.00165188    0.01623527 -0.01623527    0.01494982 -0.01494982
    3    5
 -0.03696530  0.03696530   -0.00079542 -0.00079542    0.01864916  0.01864916
 -0.00165188 -0.00165188    0.01494982 -0.01494982    0.01623527 -0.01623527
  0.00660724  0.00660724    0.01020610 -0.01020610   -0.01868768  0.01868768
    4    1
  0.00381806 -0.00381806   -0.00022993 -0.00022993    0.00420424  0.00420424
 -0.00024533 -0.00024533   -0.04839230  0.04839230   -0.03162233  0.03162233
  0.00443825  0.00443825   -0.01397361  0.01397361   -0.00810649  0.00810649
    4    2
 -0.02255123 -0.02255123    0.00195313 -0.00195313   -0.00101256  0.00101256
  0.00428568 -0.00428568   -0.06708934 -0.06708934   -0.08899253 -0.08899253
  0.00093213 -0.00093213   -0.02845204 -0.02845204   -0.05185521 -0.05185521
    4    3
 -0.03696530 -0.03696530    0.00660724 -0.00660724   -0.00165188  0.00165188
  0.01864916 -0.01864916   -0.01868768 -0.01868768    0.01623527  0.01623527
 -0.00079542  0.00079542    0.01020610  0.01020610    0.01494982  0.01494982
    4    4
  0.11228147  0.00000000    0.00000000 -0.01001126    0.00000000  0.00198764
  0.00000000  0.01001126    0.37220956  0.00000000    0.03163023  0.00000000
  0.00000000 -0.00198764    0.03163023  0.00000000    0.14436625  0.00000000
    4    5
  0.00518174  0.00000000    0.00000000  0.00102722    0.00000000 -0.00117296
  0.00000000  0.00117296   -0.02414270  0.00000000    0.17095869  0.00000000
  0.00000000 -0.00102722    0.06797514  0.00000000   -0.02414270  0.00000000
    5    1
  0.00381806 -0.00381806    0.00420424  0.00420424   -0.00022993 -0.00022993
  0.00443825  0.00443825   -0.00810649  0.00810649   -0.01397361  0.01397361
 -0.00024533 -0.00024533   -0.03162233  0.03162233   -0.04839230  0.04839230
    5    2
 -0.02255123 -0.02255123   -0.00101256  0.00101256    0.00195313 -0.00195313
  0.00093213 -0.00093213   -0.05185521 -0.05185521   -0.02845204 -0.02845204
  0.00428568 -0.00428568   -0.08899253 -0.08899253   -0.06708934 -0.06708934
    5    3
 -0.03696530 -0.03696530   -0.00165188  0.00165188    0.00660724 -0.00660724
 -0.00079542  0.00079542    0.01494982  0.01494982    0.01020610  0.01020610
  0.01864916 -0.01864916    0.01623527  0.01623527   -0.01868768 -0.01868768
    5    4
  0.00518174  0.00000000    0.00000000 -0.00117296    0.00000000  0.00102722
  0.00000000 -0.00102722   -0.02414270  0.00000000    0.06797514  0.00000000
  0.00000000  0.00117296    0.17095869  0.00000000   -0.02414270  0.00000000
    5    5
  0.11228147  0.00000000    0.00000000  0.00198764    0.00000000 -0.01001126
  0.00000000 -0.00198764    0.14436625  0.00000000    0.03163023  0.00000000
  0.00000000  0.01001126    0.03163023  0.00000000    0.37220956  0.00000000

     Dynamical  Matrix in cartesian axes

     q = (    0.000000000   0.247184234  -0.247184234 ) 

    1    1
  0.07794258  0.00000000    0.00000000 -0.00038823    0.00000000  0.00038823
  0.00000000  0.00038823    0.15095493  0.00000000   -0.02279496  0.00000000
  0.00000000 -0.00038823   -0.02279496  0.00000000    0.15095493  0.00000000
    1    2
 -0.03993176 -0.00000000   -0.00000000 -0.00028178    0.00000000  0.00028178
  0.00000000 -0.02047231    0.01331926 -0.00000000   -0.13690594  0.00000000
 -0.00000000  0.02047231   -0.13690594  0.00000000    0.01331926 -0.00000000
    1    3
 -0.01020234 -0.00000000   -0.00000000  0.00362485    0.00000000 -0.00362485
 -0.00000000  0.01730822   -0.01280765 -0.00000000    0.02743534 -0.00000000
  0.00000000 -0.01730822    0.02743534 -0.00000000   -0.01280765 -0.00000000
    1    4
  0.00381806  0.00381806    0.00024533 -0.00024533    0.00443825 -0.00443825
  0.00022993 -0.00022993   -0.04839230 -0.04839230    0.01397361  0.01397361
  0.00420424 -0.00420424    0.03162233  0.03162233   -0.00810649 -0.00810649
    1    5
  0.00381806 -0.00381806    0.00443825  0.00443825    0.00024533  0.00024533
  0.00420424  0.00420424   -0.00810649  0.00810649    0.03162233 -0.03162233
  0.00022993  0.00022993    0.01397361 -0.01397361   -0.04839230  0.04839230
    2    1
 -0.03993176  0.00000000    0.00000000  0.02047231   -0.00000000 -0.02047231
 -0.00000000  0.00028178    0.01331926  0.00000000   -0.13690594 -0.00000000
  0.00000000 -0.00028178   -0.13690594 -0.00000000    0.01331926  0.00000000
    2    2
  0.28416377  0.00000000    0.00000000 -0.01719737    0.00000000  0.01719737
  0.00000000  0.01719737    0.39560311  0.00000000   -0.13201158  0.00000000
  0.00000000 -0.01719737   -0.13201158  0.00000000    0.39560311  0.00000000
    2    3
 -0.11057254  0.00000000    0.00000000  0.00061413    0.00000000 -0.00061413
  0.00000000 -0.01307392   -0.10124659  0.00000000    0.02339016  0.00000000
  0.00000000  0.01307392    0.02339016  0.00000000   -0.10124659  0.00000000
    2    4
 -0.02255123 -0.02255123    0.00428568 -0.00428568   -0.00093213  0.00093213
  0.00195313 -0.00195313   -0.06708934 -0.06708934    0.02845204  0.02845204
  0.00101256 -0.00101256    0.08899253  0.08899253   -0.05185521 -0.05185521
    2    5
 -0.02255123  0.02255123   -0.00093213 -0.00093213    0.00428568  0.00428568
  0.00101256  0.00101256   -0.05185521  0.05185521    0.08899253 -0.08899253
  0.00195313  0.00195313    0.02845204 -0.02845204   -0.06708934  0.06708934
    3    1
 -0.01020234  0.00000000   -0.00000000 -0.01730822    0.00000000  0.01730822
 -0.00000000 -0.00362485   -0.01280765  0.00000000    0.02743534  0.00000000
  0.00000000  0.00362485    0.02743534  0.00000000   -0.01280765  0.00000000
    3    2
 -0.11057254  0.00000000    0.00000000  0.01307392    0.00000000 -0.01307392
  0.00000000 -0.00061413   -0.10124659  0.00000000    0.02339016  0.00000000
  0.00000000  0.00061413    0.02339016  0.00000000   -0.10124659  0.00000000
    3    3
  0.28486177  0.00000000    0.00000000  0.00001911    0.00000000 -0.00001911
  0.00000000 -0.00001911    0.12408980  0.00000000   -0.01700033  0.00000000
  0.00000000  0.00001911   -0.01700033  0.00000000    0.12408980  0.00000000
    3    4
 -0.03696530 -0.03696530    0.01864916 -0.01864916    0.00079542 -0.00079542
  0.00660724 -0.00660724   -0.01868768 -0.01868768   -0.01020610 -0.01020610
  0.00165188 -0.00165188   -0.01623527 -0.01623527    0.01494982  0.01494982
    3    5
 -0.03696530  0.03696530    0.00079542  0.00079542    0.01864916  0.01864916
  0.00165188  0.00165188    0.01494982 -0.01494982   -0.01623527  0.01623527
  0.00660724  0.00660724   -0.01020610  0.01020610   -0.01868768  0.01868768
    4    1
  0.00381806 -0.00381806    0.00022993  0.00022993    0.00420424  0.00420424
  0.00024533  0.00024533   -0.04839230  0.04839230    0.03162233 -0.03162233
  0.00443825  0.00443825    0.01397361 -0.01397361   -0.00810649  0.00810649
    4    2
 -0.02255123  0.02255123    0.00195313  0.00195313    0.00101256  0.00101256
  0.00428568  0.00428568   -0.06708934  0.06708934    0.08899253 -0.08899253
 -0.00093213 -0.00093213    0.02845204 -0.02845204   -0.05185521  0.05185521
    4    3
 -0.03696530  0.03696530    0.00660724  0.00660724    0.00165188  0.00165188
  0.01864916  0.01864916   -0.01868768  0.01868768   -0.01623527  0.01623527
  0.00079542  0.00079542   -0.01020610  0.01020610    0.01494982 -0.01494982
    4    4
  0.11228147  0.00000000    0.00000000  0.01001126    0.00000000  0.00198764
  0.00000000 -0.01001126    0.37220956  0.00000000   -0.03163023  0.00000000
  0.00000000 -0.00198764   -0.03163023  0.00000000    0.14436625  0.00000000
    4    5
 -0.00000000 -0.00518174   -0.00102722  0.00000000   -0.00117296  0.00000000
 -0.00117296  0.00000000    0.00000000  0.02414270    0.00000000  0.17095869
 -0.00102722  0.00000000    0.00000000  0.06797514    0.00000000  0.02414270
    5    1
  0.00381806  0.00381806    0.00420424 -0.00420424    0.00022993 -0.00022993
  0.00443825 -0.00443825   -0.00810649 -0.00810649    0.01397361  0.01397361
  0.00024533 -0.00024533    0.03162233  0.03162233   -0.04839230 -0.04839230
    5    2
 -0.02255123 -0.02255123    0.00101256 -0.00101256    0.00195313 -0.00195313
 -0.00093213  0.00093213   -0.05185521 -0.05185521    0.02845204  0.02845204
  0.00428568 -0.00428568    0.08899253  0.08899253   -0.06708934 -0.06708934
    5    3
 -0.03696530 -0.03696530    0.00165188 -0.00165188    0.00660724 -0.00660724
  0.00079542 -0.00079542    0.01494982  0.01494982   -0.01020610 -0.01020610
  0.01864916 -0.01864916   -0.01623527 -0.01623527   -0.01868768 -0.01868768
    5    4
 -0.00000000  0.00518174   -0.00117296 -0.00000000   -0.00102722 -0.00000000
 -0.00102722 -0.00000000    0.00000000 -0.02414270    0.00000000 -0.06797514
 -0.00117296 -0.00000000    0.00000000 -0.17095869    0.00000000 -0.02414270
    5    5
  0.11228147  0.00000000    0.00000000 -0.00198764    0.00000000 -0.01001126
  0.00000000  0.00198764    0.14436625  0.00000000   -0.03163023  0.00000000
  0.00000000  0.01001126   -0.03163023  0.00000000    0.37220956  0.00000000

     Dynamical  Matrix in cartesian axes

     q = (    0.000000000  -0.247184234   0.247184234 ) 

    1    1
  0.07794258  0.00000000    0.00000000  0.00038823    0.00000000 -0.00038823
  0.00000000 -0.00038823    0.15095493  0.00000000   -0.02279496  0.00000000
  0.00000000  0.00038823   -0.02279496  0.00000000    0.15095493  0.00000000
    1    2
 -0.03993176 -0.00000000    0.00000000  0.00028178   -0.00000000 -0.00028178
 -0.00000000  0.02047231    0.01331926 -0.00000000   -0.13690594  0.00000000
  0.00000000 -0.02047231   -0.13690594  0.00000000    0.01331926 -0.00000000
    1    3
 -0.01020234 -0.00000000    0.00000000 -0.00362485   -0.00000000  0.00362485
  0.00000000 -0.01730822   -0.01280765 -0.00000000    0.02743534 -0.00000000
 -0.00000000  0.01730822    0.02743534 -0.00000000   -0.01280765 -0.00000000
    1    4
  0.00381806 -0.00381806    0.00024533  0.00024533    0.00443825  0.00443825
  0.00022993  0.00022993   -0.04839230  0.04839230    0.01397361 -0.01397361
  0.00420424  0.00420424    0.03162233 -0.03162233   -0.00810649  0.00810649
    1    5
  0.00381806  0.00381806    0.00443825 -0.00443825    0.00024533 -0.00024533
  0.00420424 -0.00420424   -0.00810649 -0.00810649    0.03162233  0.03162233
  0.00022993 -0.00022993    0.01397361  0.01397361   -0.04839230 -0.04839230
    2    1
 -0.03993176  0.00000000   -0.00000000 -0.02047231    0.00000000  0.02047231
  0.00000000 -0.00028178    0.01331926  0.00000000   -0.13690594 -0.00000000
 -0.00000000  0.00028178   -0.13690594 -0.00000000    0.01331926  0.00000000
    2    2
  0.28416377  0.00000000    0.00000000  0.01719737    0.00000000 -0.01719737
  0.00000000 -0.01719737    0.39560311  0.00000000   -0.13201158  0.00000000
  0.00000000  0.01719737   -0.13201158  0.00000000    0.39560311  0.00000000
    2    3
 -0.11057254  0.00000000    0.00000000 -0.00061413    0.00000000  0.00061413
  0.00000000  0.01307392   -0.10124659  0.00000000    0.02339016  0.00000000
  0.00000000 -0.01307392    0.02339016  0.00000000   -0.10124659  0.00000000
    2    4
 -0.02255123  0.02255123    0.00428568  0.00428568   -0.00093213 -0.00093213
  0.00195313  0.00195313   -0.06708934  0.06708934    0.02845204 -0.02845204
  0.00101256  0.00101256    0.08899253 -0.08899253   -0.05185521  0.05185521
    2    5
 -0.02255123 -0.02255123   -0.00093213  0.00093213    0.00428568 -0.00428568
  0.00101256 -0.00101256   -0.05185521 -0.05185521    0.08899253  0.08899253
  0.00195313 -0.00195313    0.02845204  0.02845204   -0.06708934 -0.06708934
    3    1
 -0.01020234  0.00000000    0.00000000  0.01730822   -0.00000000 -0.01730822
  0.00000000  0.00362485   -0.01280765  0.00000000    0.02743534  0.00000000
 -0.00000000 -0.00362485    0.02743534  0.00000000   -0.01280765  0.00000000
    3    2
 -0.11057254  0.00000000    0.00000000 -0.01307392    0.00000000  0.01307392
  0.00000000  0.00061413   -0.10124659  0.00000000    0.02339016  0.00000000
  0.00000000 -0.00061413    0.02339016  0.00000000   -0.10124659  0.00000000
    3    3
  0.28486177  0.00000000    0.00000000 -0.00001911    0.00000000  0.00001911
  0.00000000  0.00001911    0.12408980  0.00000000   -0.01700033  0.00000000
  0.00000000 -0.00001911   -0.01700033  0.00000000    0.12408980  0.00000000
    3    4
 -0.03696530  0.03696530    0.01864916  0.01864916    0.00079542  0.00079542
  0.00660724  0.00660724   -0.01868768  0.01868768   -0.01020610  0.01020610
  0.00165188  0.00165188   -0.01623527  0.01623527    0.01494982 -0.01494982
    3    5
 -0.03696530 -0.03696530    0.00079542 -0.00079542    0.01864916 -0.01864916
  0.00165188 -0.00165188    0.01494982  0.01494982   -0.01623527 -0.01623527
  0.00660724 -0.00660724   -0.01020610 -0.01020610   -0.01868768 -0.01868768
    4    1
  0.00381806  0.00381806    0.00022993 -0.00022993    0.00420424 -0.00420424
  0.00024533 -0.00024533   -0.04839230 -0.04839230    0.03162233  0.03162233
  0.00443825 -0.00443825    0.01397361  0.01397361   -0.00810649 -0.00810649
    4    2
 -0.02255123 -0.02255123    0.00195313 -0.00195313    0.00101256 -0.00101256
  0.00428568 -0.00428568   -0.06708934 -0.06708934    0.08899253  0.08899253
 -0.00093213  0.00093213    0.02845204  0.02845204   -0.05185521 -0.05185521
    4    3
 -0.03696530 -0.03696530    0.00660724 -0.00660724    0.00165188 -0.00165188
  0.01864916 -0.01864916   -0.01868768 -0.01868768   -0.01623527 -0.01623527
  0.00079542 -0.00079542   -0.01020610 -0.01020610    0.01494982  0.01494982
    4    4
  0.11228147  0.00000000    0.00000000 -0.01001126    0.00000000 -0.00198764
  0.00000000  0.01001126    0.37220956  0.00000000   -0.03163023  0.00000000
  0.00000000  0.00198764   -0.03163023  0.00000000    0.14436625  0.00000000
    4    5
 -0.00000000  0.00518174   -0.00102722 -0.00000000   -0.00117296 -0.00000000
 -0.00117296 -0.00000000    0.00000000 -0.02414270    0.00000000 -0.17095869
 -0.00102722 -0.00000000    0.00000000 -0.06797514    0.00000000 -0.02414270
    5    1
  0.00381806 -0.00381806    0.00420424  0.00420424    0.00022993  0.00022993
  0.00443825  0.00443825   -0.00810649  0.00810649    0.01397361 -0.01397361
  0.00024533  0.00024533    0.03162233 -0.03162233   -0.04839230  0.04839230
    5    2
 -0.02255123  0.02255123    0.00101256  0.00101256    0.00195313  0.00195313
 -0.00093213 -0.00093213   -0.05185521  0.05185521    0.02845204 -0.02845204
  0.00428568  0.00428568    0.08899253 -0.08899253   -0.06708934  0.06708934
    5    3
 -0.03696530  0.03696530    0.00165188  0.00165188    0.00660724  0.00660724
  0.00079542  0.00079542    0.01494982 -0.01494982   -0.01020610  0.01020610
  0.01864916  0.01864916   -0.01623527  0.01623527   -0.01868768  0.01868768
    5    4
 -0.00000000 -0.00518174   -0.00117296  0.00000000   -0.00102722  0.00000000
 -0.00102722  0.00000000    0.00000000  0.02414270    0.00000000  0.06797514
 -0.00117296  0.00000000    0.00000000  0.17095869    0.00000000  0.02414270
    5    5
  0.11228147  0.00000000    0.00000000  0.00198764    0.00000000  0.01001126
  0.00000000 -0.00198764    0.14436625  0.00000000   -0.03163023  0.00000000
  0.00000000 -0.01001126   -0.03163023  0.00000000    0.37220956  0.00000000

     Diagonalizing the dynamical matrix

     q = (    0.000000000   0.247184234   0.247184234 ) 

 **************************************************************************
     freq (    1) =       2.039481 [THz] =      68.029766 [cm-1]
 (  0.000000 -0.000000 -0.362781  0.362781  0.362781 -0.362781 ) 
 ( -0.000000  0.000000 -0.244246 -0.244246  0.244246  0.244246 ) 
 (  0.000000  0.000000 -0.176990 -0.176990  0.176990  0.176990 ) 
 (  0.000000  0.087359 -0.125231 -0.000000  0.177489  0.000000 ) 
 (  0.000000 -0.087359 -0.177489  0.000000  0.125231  0.000000 ) 
     freq (    2) =       2.393959 [THz] =      79.853872 [cm-1]
 ( -0.664406 -0.664406  0.017918 -0.017918  0.017918 -0.017918 ) 
 (  0.174004 -0.174004  0.000181  0.000181  0.000181  0.000181 ) 
 (  0.120747 -0.120747  0.023615  0.023615  0.023615  0.023615 ) 
 (  0.000000 -0.106341 -0.004256 -0.000000  0.024967  0.000000 ) 
 (  0.000000 -0.106341  0.024967  0.000000 -0.004256  0.000000 ) 
     freq (    3) =       3.158356 [THz] =     105.351411 [cm-1]
 (  0.025792  0.025792  0.474071 -0.474071  0.474071 -0.474071 ) 
 (  0.035494 -0.035494 -0.115637 -0.115637 -0.115637 -0.115637 ) 
 ( -0.088700  0.088700  0.034906  0.034906  0.034906  0.034906 ) 
 (  0.000000  0.072155  0.079580  0.000000 -0.001049  0.000000 ) 
 ( -0.000000  0.072155 -0.001049  0.000000  0.079580  0.000000 ) 
     freq (    4) =       5.416631 [THz] =     180.679353 [cm-1]
 ( -0.000000 -0.000000  0.066897 -0.066897 -0.066897  0.066897 ) 
 ( -0.000000  0.000000 -0.132954 -0.132954  0.132954  0.132954 ) 
 ( -0.000000  0.000000 -0.271373 -0.271373  0.271373  0.271373 ) 
 ( -0.000000  0.107736 -0.241574  0.000000  0.488307 -0.000000 ) 
 ( -0.000000 -0.107736 -0.488307  0.000000  0.241574  0.000000 ) 
     freq (    5) =       5.503828 [THz] =     183.587928 [cm-1]
 ( -0.048792 -0.048792 -0.000845  0.000845 -0.000845  0.000845 ) 
 ( -0.354602  0.354602  0.016521  0.016521  0.016521  0.016521 ) 
 ( -0.317653  0.317653 -0.012814 -0.012814 -0.012814 -0.012814 ) 
 (  0.000000  0.518094  0.027471 -0.000000  0.030347  0.000000 ) 
 (  0.000000  0.518094  0.030347 -0.000000  0.027471  0.000000 ) 
     freq (    6) =       6.914140 [THz] =     230.630888 [cm-1]
 ( -0.003909 -0.003909 -0.018113  0.018113 -0.018113  0.018113 ) 
 (  0.033815 -0.033815 -0.255762 -0.255762 -0.255762 -0.255762 ) 
 ( -0.016053  0.016053 -0.391146 -0.391146 -0.391146 -0.391146 ) 
 (  0.000000  0.102803 -0.176393  0.000000 -0.139373  0.000000 ) 
 ( -0.000000  0.102803 -0.139373 -0.000000 -0.176393  0.000000 ) 
     freq (    7) =       7.226221 [THz] =     241.040793 [cm-1]
 ( -0.000000 -0.000000 -0.030569  0.030569  0.030569 -0.030569 ) 
 (  0.000000  0.000000  0.138894  0.138894 -0.138894 -0.138894 ) 
 (  0.000000  0.000000  0.263787  0.263787 -0.263787 -0.263787 ) 
 ( -0.000000 -0.086018 -0.138647 -0.000000  0.541996  0.000000 ) 
 (  0.000000  0.086018 -0.541996 -0.000000  0.138647  0.000000 ) 
     freq (    8) =       8.775345 [THz] =     292.714014 [cm-1]
 (  0.000000  0.000000  0.015958 -0.015958 -0.015958  0.015958 ) 
 (  0.000000 -0.000000 -0.134497 -0.134497  0.134497  0.134497 ) 
 (  0.000000  0.000000  0.094450  0.094450 -0.094450 -0.094450 ) 
 ( -0.000000 -0.646018  0.153859 -0.000000  0.066767  0.000000 ) 
 (  0.000000  0.646018 -0.066767  0.000000 -0.153859  0.000000 ) 
     freq (    9) =       9.642569 [THz] =     321.641477 [cm-1]
 ( -0.000000 -0.000000  0.022469 -0.022469 -0.022469  0.022469 ) 
 ( -0.000000  0.000000 -0.163554 -0.163554  0.163554  0.163554 ) 
 ( -0.000000  0.000000  0.321467  0.321467 -0.321467 -0.321467 ) 
 (  0.000000  0.385202  0.285623  0.000000  0.094058  0.000000 ) 
 ( -0.000000 -0.385202 -0.094058  0.000000 -0.285623  0.000000 ) 
     freq (   10) =       9.974903 [THz] =     332.726957 [cm-1]
 ( -0.016524 -0.016524  0.007384 -0.007384  0.007384 -0.007384 ) 
 ( -0.319774  0.319774 -0.043463 -0.043463 -0.043463 -0.043463 ) 
 (  0.062207 -0.062207 -0.023956 -0.023956 -0.023956 -0.023956 ) 
 (  0.000000 -0.617899 -0.011168 -0.000000 -0.081507 -0.000000 ) 
 (  0.000000 -0.617899 -0.081507 -0.000000 -0.011168  0.000000 ) 
     freq (   11) =      10.406819 [THz] =     347.134114 [cm-1]
 (  0.001204  0.001204  0.012164 -0.012164  0.012164 -0.012164 ) 
 ( -0.008888  0.008888  0.105632  0.105632  0.105632  0.105632 ) 
 (  0.031386 -0.031386 -0.328187 -0.328187 -0.328187 -0.328187 ) 
 ( -0.000000 -0.067307  0.073539  0.000000  0.500970  0.000000 ) 
 ( -0.000000 -0.067307  0.500970  0.000000  0.073539  0.000000 ) 
     freq (   12) =      13.638139 [THz] =     454.919358 [cm-1]
 (  0.000000  0.000000 -0.011412  0.011412  0.011412 -0.011412 ) 
 ( -0.000000  0.000000  0.071942  0.071942 -0.071942 -0.071942 ) 
 (  0.000000 -0.000000 -0.193696 -0.193696  0.193696  0.193696 ) 
 ( -0.000000  0.015647  0.603308  0.000000  0.223889 -0.000000 ) 
 (  0.000000 -0.015647 -0.223889 -0.000000 -0.603308  0.000000 ) 
     freq (   13) =      14.348790 [THz] =     478.624127 [cm-1]
 ( -0.002916 -0.002916  0.011682 -0.011682  0.011682 -0.011682 ) 
 (  0.025170 -0.025170  0.148394  0.148394  0.148394  0.148394 ) 
 ( -0.082555  0.082555 -0.243087 -0.243087 -0.243087 -0.243087 ) 
 (  0.000000 -0.020771  0.203494  0.000000 -0.536846 -0.000000 ) 
 ( -0.000000 -0.020771 -0.536846 -0.000000  0.203494  0.000000 ) 
     freq (   14) =      15.425099 [THz] =     514.525908 [cm-1]
 (  0.001402  0.001402  0.009634 -0.009634  0.009634 -0.009634 ) 
 ( -0.093401  0.093401  0.027192  0.027192  0.027192  0.027192 ) 
 (  0.656791 -0.656791 -0.024832 -0.024832 -0.024832 -0.024832 ) 
 (  0.000000  0.214532 -0.070042  0.000000 -0.077925  0.000000 ) 
 (  0.000000  0.214532 -0.077925 -0.000000 -0.070042  0.000000 ) 
     freq (   15) =      21.030537 [THz] =     701.503191 [cm-1]
 (  0.000296  0.000296 -0.014065  0.014065 -0.014065  0.014065 ) 
 ( -0.004026  0.004026 -0.093978 -0.093978 -0.093978 -0.093978 ) 
 (  0.096805 -0.096805  0.026836  0.026836  0.026836  0.026836 ) 
 (  0.000000  0.030638  0.683300  0.000000  0.057226  0.000000 ) 
 (  0.000000  0.030638  0.057226  0.000000  0.683300  0.000000 ) 
 **************************************************************************
