Dynamical matrix file
                                                                           
  3    5  6  7.4842961  0.0000000  1.0337122  0.0000000  0.0000000  0.0000000
           1  'O   '    14573.9934316950     
           2  'Ti  '    43639.9503132932     
           3  'Ba  '    125168.637772025     
    1    3      0.0000000000      0.0000000000      0.0240905323
    2    2      0.5000000000      0.5000000000      0.4839367915
    3    1      0.5000000000      0.5000000000      0.0225908340
    4    1      0.0000000000      0.5000000000      0.5288970673
    5    1      0.5000000000      0.0000000000      0.5288970673

     Dynamical  Matrix in cartesian axes

     q = (    0.250000000   0.250000000  -0.483693608 ) 

    1    1
  0.12373691  0.00000000    0.00796004  0.00000000    0.00000000  0.00327201
  0.00796004  0.00000000    0.12373691  0.00000000    0.00000000  0.00327201
  0.00000000 -0.00327201    0.00000000 -0.00327201    0.15051841  0.00000000
    1    2
 -0.00000000  0.00986505    0.00000000 -0.02967335   -0.10116168 -0.00000000
  0.00000000 -0.02967335   -0.00000000  0.00986505   -0.10116168 -0.00000000
 -0.11817348 -0.00000000   -0.11817348 -0.00000000    0.00000000 -0.00472716
    1    3
 -0.00000000  0.00081456   -0.00000000  0.00796278    0.01374514  0.00000000
 -0.00000000  0.00796278   -0.00000000  0.00081456    0.01374514  0.00000000
  0.00278768  0.00000000    0.00278768  0.00000000   -0.00000000  0.04656169
    1    4
 -0.00765664  0.00765664   -0.00089030  0.00089030    0.00608182  0.00608182
 -0.00649762  0.00649762   -0.00010594  0.00010594    0.01773133  0.01773133
  0.02007480  0.02007480    0.01633380  0.01633380   -0.00454968  0.00454968
    1    5
 -0.00010594  0.00010594   -0.00649762  0.00649762    0.01773133  0.01773133
 -0.00089030  0.00089030   -0.00765664  0.00765664    0.00608182  0.00608182
  0.01633380  0.01633380    0.02007480  0.02007480   -0.00454968  0.00454968
    2    1
 -0.00000000 -0.00986505    0.00000000  0.02967335   -0.11817348  0.00000000
  0.00000000  0.02967335   -0.00000000 -0.00986505   -0.11817348  0.00000000
 -0.10116168  0.00000000   -0.10116168  0.00000000    0.00000000  0.00472716
    2    2
  0.34361702  0.00000000    0.06141570  0.00000000    0.00000000  0.01678161
  0.06141570  0.00000000    0.34361702  0.00000000    0.00000000  0.01678161
  0.00000000 -0.01678161    0.00000000 -0.01678161    0.64636641  0.00000000
    2    3
 -0.02246390  0.00000000   -0.00280803  0.00000000    0.00000000 -0.08186488
 -0.00280803  0.00000000   -0.02246390  0.00000000    0.00000000 -0.08186488
  0.00000000 -0.00395690    0.00000000 -0.00395690   -0.33662358  0.00000000
    2    4
 -0.01591033 -0.01591033   -0.00344948 -0.00344948    0.00103270 -0.00103270
 -0.05787429 -0.05787429   -0.03177844 -0.03177844   -0.00263722  0.00263722
  0.00757612 -0.00757612   -0.00087294  0.00087294   -0.06264737 -0.06264737
    2    5
 -0.03177844 -0.03177844   -0.05787429 -0.05787429   -0.00263722  0.00263722
 -0.00344948 -0.00344948   -0.01591033 -0.01591033    0.00103270 -0.00103270
 -0.00087294  0.00087294    0.00757612 -0.00757612   -0.06264737 -0.06264737
    3    1
 -0.00000000 -0.00081456   -0.00000000 -0.00796278    0.00278768 -0.00000000
 -0.00000000 -0.00796278   -0.00000000 -0.00081456    0.00278768 -0.00000000
  0.01374514 -0.00000000    0.01374514 -0.00000000   -0.00000000 -0.04656169
    3    2
 -0.02246390  0.00000000   -0.00280803  0.00000000    0.00000000  0.00395690
 -0.00280803  0.00000000   -0.02246390  0.00000000    0.00000000  0.00395690
  0.00000000  0.08186488    0.00000000  0.08186488   -0.33662358  0.00000000
    3    3
  0.13089525  0.00000000    0.01023532  0.00000000    0.00000000  0.00068167
  0.01023532  0.00000000    0.13089525  0.00000000    0.00000000  0.00068167
  0.00000000 -0.00068167    0.00000000 -0.00068167    0.48833029  0.00000000
    3    4
 -0.00592628 -0.00592628    0.00060949  0.00060949    0.04788197 -0.04788197
  0.00139331  0.00139331    0.00057732  0.00057732    0.00540861 -0.00540861
  0.09045525 -0.09045525    0.00416559 -0.00416559    0.00981584  0.00981584
    3    5
  0.00057732  0.00057732    0.00139331  0.00139331    0.00540861 -0.00540861
  0.00060949  0.00060949   -0.00592628 -0.00592628    0.04788197 -0.04788197
  0.00416559 -0.00416559    0.09045525 -0.09045525    0.00981584  0.00981584
    4    1
 -0.00765664 -0.00765664   -0.00649762 -0.00649762    0.02007480 -0.02007480
 -0.00089030 -0.00089030   -0.00010594 -0.00010594    0.01633380 -0.01633380
  0.00608182 -0.00608182    0.01773133 -0.01773133   -0.00454968 -0.00454968
    4    2
 -0.01591033  0.01591033   -0.05787429  0.05787429    0.00757612  0.00757612
 -0.00344948  0.00344948   -0.03177844  0.03177844   -0.00087294 -0.00087294
  0.00103270  0.00103270   -0.00263722 -0.00263722   -0.06264737  0.06264737
    4    3
 -0.00592628  0.00592628    0.00139331 -0.00139331    0.09045525  0.09045525
  0.00060949 -0.00060949    0.00057732 -0.00057732    0.00416559  0.00416559
  0.04788197  0.04788197    0.00540861  0.00540861    0.00981584 -0.00981584
    4    4
  0.28770248  0.00000000    0.01323971  0.00000000    0.00000000 -0.01822867
  0.01323971  0.00000000    0.10919022  0.00000000    0.00000000 -0.00157454
  0.00000000  0.01822867    0.00000000  0.00157454    0.12572448  0.00000000
    4    5
 -0.04195394  0.00000000    0.12229004  0.00000000    0.00000000 -0.00279066
  0.04995235  0.00000000   -0.04195394  0.00000000    0.00000000  0.00140094
  0.00000000 -0.00140094    0.00000000  0.00279066    0.02111088  0.00000000
    5    1
 -0.00010594 -0.00010594   -0.00089030 -0.00089030    0.01633380 -0.01633380
 -0.00649762 -0.00649762   -0.00765664 -0.00765664    0.02007480 -0.02007480
  0.01773133 -0.01773133    0.00608182 -0.00608182   -0.00454968 -0.00454968
    5    2
 -0.03177844  0.03177844   -0.00344948  0.00344948   -0.00087294 -0.00087294
 -0.05787429  0.05787429   -0.01591033  0.01591033    0.00757612  0.00757612
 -0.00263722 -0.00263722    0.00103270  0.00103270   -0.06264737  0.06264737
    5    3
  0.00057732 -0.00057732    0.00060949 -0.00060949    0.00416559  0.00416559
  0.00139331 -0.00139331   -0.00592628  0.00592628    0.09045525  0.09045525
  0.00540861  0.00540861    0.04788197  0.04788197    0.00981584 -0.00981584
    5    4
 -0.04195394  0.00000000    0.04995235  0.00000000    0.00000000  0.00140094
  0.12229004  0.00000000   -0.04195394  0.00000000    0.00000000 -0.00279066
  0.00000000  0.00279066    0.00000000 -0.00140094    0.02111088  0.00000000
    5    5
  0.10919022  0.00000000    0.01323971  0.00000000    0.00000000 -0.00157454
  0.01323971  0.00000000    0.28770248  0.00000000    0.00000000 -0.01822867
  0.00000000  0.00157454    0.00000000  0.01822867    0.12572448  0.00000000

     Dynamical  Matrix in cartesian axes

     q = (   -0.250000000  -0.250000000  -0.483693608 ) 

    1    1
  0.12373691  0.00000000    0.00796004  0.00000000    0.00000000 -0.00327201
  0.00796004  0.00000000    0.12373691  0.00000000    0.00000000 -0.00327201
  0.00000000  0.00327201    0.00000000  0.00327201    0.15051841  0.00000000
    1    2
 -0.00000000 -0.00986505    0.00000000  0.02967335   -0.10116168  0.00000000
  0.00000000  0.02967335   -0.00000000 -0.00986505   -0.10116168  0.00000000
 -0.11817348  0.00000000   -0.11817348  0.00000000    0.00000000  0.00472716
    1    3
 -0.00000000 -0.00081456   -0.00000000 -0.00796278    0.01374514 -0.00000000
 -0.00000000 -0.00796278   -0.00000000 -0.00081456    0.01374514 -0.00000000
  0.00278768 -0.00000000    0.00278768 -0.00000000   -0.00000000 -0.04656169
    1    4
 -0.00765664 -0.00765664   -0.00089030 -0.00089030    0.00608182 -0.00608182
 -0.00649762 -0.00649762   -0.00010594 -0.00010594    0.01773133 -0.01773133
  0.02007480 -0.02007480    0.01633380 -0.01633380   -0.00454968 -0.00454968
    1    5
 -0.00010594 -0.00010594   -0.00649762 -0.00649762    0.01773133 -0.01773133
 -0.00089030 -0.00089030   -0.00765664 -0.00765664    0.00608182 -0.00608182
  0.01633380 -0.01633380    0.02007480 -0.02007480   -0.00454968 -0.00454968
    2    1
 -0.00000000  0.00986505    0.00000000 -0.02967335   -0.11817348 -0.00000000
  0.00000000 -0.02967335   -0.00000000  0.00986505   -0.11817348 -0.00000000
 -0.10116168 -0.00000000   -0.10116168 -0.00000000    0.00000000 -0.00472716
    2    2
  0.34361702  0.00000000    0.06141570  0.00000000    0.00000000 -0.01678161
  0.06141570  0.00000000    0.34361702  0.00000000    0.00000000 -0.01678161
  0.00000000  0.01678161    0.00000000  0.01678161    0.64636641  0.00000000
    2    3
 -0.02246390  0.00000000   -0.00280803  0.00000000    0.00000000  0.08186488
 -0.00280803  0.00000000   -0.02246390  0.00000000    0.00000000  0.08186488
  0.00000000  0.00395690    0.00000000  0.00395690   -0.33662358  0.00000000
    2    4
 -0.01591033  0.01591033   -0.00344948  0.00344948    0.00103270  0.00103270
 -0.05787429  0.05787429   -0.03177844  0.03177844   -0.00263722 -0.00263722
  0.00757612  0.00757612   -0.00087294 -0.00087294   -0.06264737  0.06264737
    2    5
 -0.03177844  0.03177844   -0.05787429  0.05787429   -0.00263722 -0.00263722
 -0.00344948  0.00344948   -0.01591033  0.01591033    0.00103270  0.00103270
 -0.00087294 -0.00087294    0.00757612  0.00757612   -0.06264737  0.06264737
    3    1
 -0.00000000  0.00081456   -0.00000000  0.00796278    0.00278768  0.00000000
 -0.00000000  0.00796278   -0.00000000  0.00081456    0.00278768  0.00000000
  0.01374514  0.00000000    0.01374514  0.00000000   -0.00000000  0.04656169
    3    2
 -0.02246390  0.00000000   -0.00280803  0.00000000    0.00000000 -0.00395690
 -0.00280803  0.00000000   -0.02246390  0.00000000    0.00000000 -0.00395690
  0.00000000 -0.08186488    0.00000000 -0.08186488   -0.33662358  0.00000000
    3    3
  0.13089525  0.00000000    0.01023532  0.00000000    0.00000000 -0.00068167
  0.01023532  0.00000000    0.13089525  0.00000000    0.00000000 -0.00068167
  0.00000000  0.00068167    0.00000000  0.00068167    0.48833029  0.00000000
    3    4
 -0.00592628  0.00592628    0.00060949 -0.00060949    0.04788197  0.04788197
  0.00139331 -0.00139331    0.00057732 -0.00057732    0.00540861  0.00540861
  0.09045525  0.09045525    0.00416559  0.00416559    0.00981584 -0.00981584
    3    5
  0.00057732 -0.00057732    0.00139331 -0.00139331    0.00540861  0.00540861
  0.00060949 -0.00060949   -0.00592628  0.00592628    0.04788197  0.04788197
  0.00416559  0.00416559    0.09045525  0.09045525    0.00981584 -0.00981584
    4    1
 -0.00765664  0.00765664   -0.00649762  0.00649762    0.02007480  0.02007480
 -0.00089030  0.00089030   -0.00010594  0.00010594    0.01633380  0.01633380
  0.00608182  0.00608182    0.01773133  0.01773133   -0.00454968  0.00454968
    4    2
 -0.01591033 -0.01591033   -0.05787429 -0.05787429    0.00757612 -0.00757612
 -0.00344948 -0.00344948   -0.03177844 -0.03177844   -0.00087294  0.00087294
  0.00103270 -0.00103270   -0.00263722  0.00263722   -0.06264737 -0.06264737
    4    3
 -0.00592628 -0.00592628    0.00139331  0.00139331    0.09045525 -0.09045525
  0.00060949  0.00060949    0.00057732  0.00057732    0.00416559 -0.00416559
  0.04788197 -0.04788197    0.00540861 -0.00540861    0.00981584  0.00981584
    4    4
  0.28770248  0.00000000    0.01323971  0.00000000    0.00000000  0.01822867
  0.01323971  0.00000000    0.10919022  0.00000000    0.00000000  0.00157454
  0.00000000 -0.01822867    0.00000000 -0.00157454    0.12572448  0.00000000
    4    5
 -0.04195394  0.00000000    0.12229004  0.00000000    0.00000000  0.00279066
  0.04995235  0.00000000   -0.04195394  0.00000000    0.00000000 -0.00140094
  0.00000000  0.00140094    0.00000000 -0.00279066    0.02111088  0.00000000
    5    1
 -0.00010594  0.00010594   -0.00089030  0.00089030    0.01633380  0.01633380
 -0.00649762  0.00649762   -0.00765664  0.00765664    0.02007480  0.02007480
  0.01773133  0.01773133    0.00608182  0.00608182   -0.00454968  0.00454968
    5    2
 -0.03177844 -0.03177844   -0.00344948 -0.00344948   -0.00087294  0.00087294
 -0.05787429 -0.05787429   -0.01591033 -0.01591033    0.00757612 -0.00757612
 -0.00263722  0.00263722    0.00103270 -0.00103270   -0.06264737 -0.06264737
    5    3
  0.00057732  0.00057732    0.00060949  0.00060949    0.00416559 -0.00416559
  0.00139331  0.00139331   -0.00592628 -0.00592628    0.09045525 -0.09045525
  0.00540861 -0.00540861    0.04788197 -0.04788197    0.00981584  0.00981584
    5    4
 -0.04195394  0.00000000    0.04995235  0.00000000    0.00000000 -0.00140094
  0.12229004  0.00000000   -0.04195394  0.00000000    0.00000000  0.00279066
  0.00000000 -0.00279066    0.00000000  0.00140094    0.02111088  0.00000000
    5    5
  0.10919022  0.00000000    0.01323971  0.00000000    0.00000000  0.00157454
  0.01323971  0.00000000    0.28770248  0.00000000    0.00000000  0.01822867
  0.00000000 -0.00157454    0.00000000 -0.01822867    0.12572448  0.00000000

     Dynamical  Matrix in cartesian axes

     q = (    0.250000000  -0.250000000  -0.483693608 ) 

    1    1
  0.12373691  0.00000000   -0.00796004  0.00000000    0.00000000  0.00327201
 -0.00796004  0.00000000    0.12373691  0.00000000    0.00000000 -0.00327201
  0.00000000 -0.00327201    0.00000000  0.00327201    0.15051841  0.00000000
    1    2
 -0.00986505 -0.00000000   -0.02967335  0.00000000    0.00000000 -0.10116168
 -0.02967335  0.00000000   -0.00986505 -0.00000000   -0.00000000  0.10116168
  0.00000000 -0.11817348   -0.00000000  0.11817348    0.00472716  0.00000000
    1    3
 -0.00081456  0.00000000    0.00796278  0.00000000    0.00000000  0.01374514
  0.00796278  0.00000000   -0.00081456  0.00000000   -0.00000000 -0.01374514
  0.00000000  0.00278768   -0.00000000 -0.00278768   -0.04656169 -0.00000000
    1    4
 -0.00765664 -0.00765664    0.00089030  0.00089030   -0.00608182  0.00608182
  0.00649762  0.00649762   -0.00010594 -0.00010594    0.01773133 -0.01773133
 -0.02007480  0.02007480    0.01633380 -0.01633380   -0.00454968 -0.00454968
    1    5
 -0.00010594  0.00010594    0.00649762 -0.00649762    0.01773133  0.01773133
  0.00089030 -0.00089030   -0.00765664  0.00765664   -0.00608182 -0.00608182
  0.01633380  0.01633380   -0.02007480 -0.02007480   -0.00454968  0.00454968
    2    1
 -0.00986505  0.00000000   -0.02967335 -0.00000000    0.00000000  0.11817348
 -0.02967335 -0.00000000   -0.00986505  0.00000000   -0.00000000 -0.11817348
  0.00000000  0.10116168   -0.00000000 -0.10116168    0.00472716 -0.00000000
    2    2
  0.34361702  0.00000000   -0.06141570  0.00000000    0.00000000  0.01678161
 -0.06141570  0.00000000    0.34361702  0.00000000    0.00000000 -0.01678161
  0.00000000 -0.01678161    0.00000000  0.01678161    0.64636641  0.00000000
    2    3
 -0.02246390  0.00000000    0.00280803  0.00000000    0.00000000 -0.08186488
  0.00280803  0.00000000   -0.02246390  0.00000000    0.00000000  0.08186488
  0.00000000 -0.00395690    0.00000000  0.00395690   -0.33662358  0.00000000
    2    4
 -0.01591033 -0.01591033    0.00344948  0.00344948    0.00103270 -0.00103270
  0.05787429  0.05787429   -0.03177844 -0.03177844    0.00263722 -0.00263722
  0.00757612 -0.00757612    0.00087294 -0.00087294   -0.06264737 -0.06264737
    2    5
 -0.03177844  0.03177844    0.05787429 -0.05787429    0.00263722  0.00263722
  0.00344948 -0.00344948   -0.01591033  0.01591033    0.00103270  0.00103270
  0.00087294  0.00087294    0.00757612  0.00757612   -0.06264737  0.06264737
    3    1
 -0.00081456 -0.00000000    0.00796278 -0.00000000    0.00000000 -0.00278768
  0.00796278 -0.00000000   -0.00081456 -0.00000000   -0.00000000  0.00278768
  0.00000000 -0.01374514   -0.00000000  0.01374514   -0.04656169  0.00000000
    3    2
 -0.02246390  0.00000000    0.00280803  0.00000000    0.00000000  0.00395690
  0.00280803  0.00000000   -0.02246390  0.00000000    0.00000000 -0.00395690
  0.00000000  0.08186488    0.00000000 -0.08186488   -0.33662358  0.00000000
    3    3
  0.13089525  0.00000000   -0.01023532  0.00000000    0.00000000  0.00068167
 -0.01023532  0.00000000    0.13089525  0.00000000    0.00000000 -0.00068167
  0.00000000 -0.00068167    0.00000000  0.00068167    0.48833029  0.00000000
    3    4
 -0.00592628 -0.00592628   -0.00060949 -0.00060949    0.04788197 -0.04788197
 -0.00139331 -0.00139331    0.00057732  0.00057732   -0.00540861  0.00540861
  0.09045525 -0.09045525   -0.00416559  0.00416559    0.00981584  0.00981584
    3    5
  0.00057732 -0.00057732   -0.00139331  0.00139331   -0.00540861 -0.00540861
 -0.00060949  0.00060949   -0.00592628  0.00592628    0.04788197  0.04788197
 -0.00416559 -0.00416559    0.09045525  0.09045525    0.00981584 -0.00981584
    4    1
 -0.00765664  0.00765664    0.00649762 -0.00649762   -0.02007480 -0.02007480
  0.00089030 -0.00089030   -0.00010594  0.00010594    0.01633380  0.01633380
 -0.00608182 -0.00608182    0.01773133  0.01773133   -0.00454968  0.00454968
    4    2
 -0.01591033  0.01591033    0.05787429 -0.05787429    0.00757612  0.00757612
  0.00344948 -0.00344948   -0.03177844  0.03177844    0.00087294  0.00087294
  0.00103270  0.00103270    0.00263722  0.00263722   -0.06264737  0.06264737
    4    3
 -0.00592628  0.00592628   -0.00139331  0.00139331    0.09045525  0.09045525
 -0.00060949  0.00060949    0.00057732 -0.00057732   -0.00416559 -0.00416559
  0.04788197  0.04788197   -0.00540861 -0.00540861    0.00981584 -0.00981584
    4    4
  0.28770248  0.00000000   -0.01323971  0.00000000    0.00000000 -0.01822867
 -0.01323971  0.00000000    0.10919022  0.00000000    0.00000000  0.00157454
  0.00000000  0.01822867    0.00000000 -0.00157454    0.12572448  0.00000000
    4    5
 -0.00000000  0.04195394   -0.00000000  0.12229004   -0.00279066 -0.00000000
 -0.00000000  0.04995235   -0.00000000  0.04195394   -0.00140094 -0.00000000
 -0.00140094 -0.00000000   -0.00279066 -0.00000000    0.00000000 -0.02111088
    5    1
 -0.00010594 -0.00010594    0.00089030  0.00089030    0.01633380 -0.01633380
  0.00649762  0.00649762   -0.00765664 -0.00765664   -0.02007480  0.02007480
  0.01773133 -0.01773133   -0.00608182  0.00608182   -0.00454968 -0.00454968
    5    2
 -0.03177844 -0.03177844    0.00344948  0.00344948    0.00087294 -0.00087294
  0.05787429  0.05787429   -0.01591033 -0.01591033    0.00757612 -0.00757612
  0.00263722 -0.00263722    0.00103270 -0.00103270   -0.06264737 -0.06264737
    5    3
  0.00057732  0.00057732   -0.00060949 -0.00060949   -0.00416559  0.00416559
 -0.00139331 -0.00139331   -0.00592628 -0.00592628    0.09045525 -0.09045525
 -0.00540861  0.00540861    0.04788197 -0.04788197    0.00981584  0.00981584
    5    4
 -0.00000000 -0.04195394   -0.00000000 -0.04995235   -0.00140094  0.00000000
 -0.00000000 -0.12229004   -0.00000000 -0.04195394   -0.00279066  0.00000000
 -0.00279066  0.00000000   -0.00140094  0.00000000    0.00000000  0.02111088
    5    5
  0.10919022  0.00000000   -0.01323971  0.00000000    0.00000000 -0.00157454
 -0.01323971  0.00000000    0.28770248  0.00000000    0.00000000  0.01822867
  0.00000000  0.00157454    0.00000000 -0.01822867    0.12572448  0.00000000

     Dynamical  Matrix in cartesian axes

     q = (   -0.250000000   0.250000000  -0.483693608 ) 

    1    1
  0.12373691  0.00000000   -0.00796004  0.00000000    0.00000000 -0.00327201
 -0.00796004  0.00000000    0.12373691  0.00000000    0.00000000  0.00327201
  0.00000000  0.00327201    0.00000000 -0.00327201    0.15051841  0.00000000
    1    2
 -0.00986505 -0.00000000   -0.02967335  0.00000000   -0.00000000  0.10116168
 -0.02967335  0.00000000   -0.00986505 -0.00000000    0.00000000 -0.10116168
 -0.00000000  0.11817348    0.00000000 -0.11817348    0.00472716  0.00000000
    1    3
 -0.00081456  0.00000000    0.00796278  0.00000000   -0.00000000 -0.01374514
  0.00796278  0.00000000   -0.00081456  0.00000000    0.00000000  0.01374514
 -0.00000000 -0.00278768    0.00000000  0.00278768   -0.04656169 -0.00000000
    1    4
 -0.00765664  0.00765664    0.00089030 -0.00089030   -0.00608182 -0.00608182
  0.00649762 -0.00649762   -0.00010594  0.00010594    0.01773133  0.01773133
 -0.02007480 -0.02007480    0.01633380  0.01633380   -0.00454968  0.00454968
    1    5
 -0.00010594 -0.00010594    0.00649762  0.00649762    0.01773133 -0.01773133
  0.00089030  0.00089030   -0.00765664 -0.00765664   -0.00608182  0.00608182
  0.01633380 -0.01633380   -0.02007480  0.02007480   -0.00454968 -0.00454968
    2    1
 -0.00986505  0.00000000   -0.02967335 -0.00000000   -0.00000000 -0.11817348
 -0.02967335 -0.00000000   -0.00986505  0.00000000    0.00000000  0.11817348
 -0.00000000 -0.10116168    0.00000000  0.10116168    0.00472716 -0.00000000
    2    2
  0.34361702  0.00000000   -0.06141570  0.00000000    0.00000000 -0.01678161
 -0.06141570  0.00000000    0.34361702  0.00000000    0.00000000  0.01678161
  0.00000000  0.01678161    0.00000000 -0.01678161    0.64636641  0.00000000
    2    3
 -0.02246390  0.00000000    0.00280803  0.00000000    0.00000000  0.08186488
  0.00280803  0.00000000   -0.02246390  0.00000000    0.00000000 -0.08186488
  0.00000000  0.00395690    0.00000000 -0.00395690   -0.33662358  0.00000000
    2    4
 -0.01591033  0.01591033    0.00344948 -0.00344948    0.00103270  0.00103270
  0.05787429 -0.05787429   -0.03177844  0.03177844    0.00263722  0.00263722
  0.00757612  0.00757612    0.00087294  0.00087294   -0.06264737  0.06264737
    2    5
 -0.03177844 -0.03177844    0.05787429  0.05787429    0.00263722 -0.00263722
  0.00344948  0.00344948   -0.01591033 -0.01591033    0.00103270 -0.00103270
  0.00087294 -0.00087294    0.00757612 -0.00757612   -0.06264737 -0.06264737
    3    1
 -0.00081456 -0.00000000    0.00796278 -0.00000000   -0.00000000  0.00278768
  0.00796278 -0.00000000   -0.00081456 -0.00000000    0.00000000 -0.00278768
 -0.00000000  0.01374514    0.00000000 -0.01374514   -0.04656169  0.00000000
    3    2
 -0.02246390  0.00000000    0.00280803  0.00000000    0.00000000 -0.00395690
  0.00280803  0.00000000   -0.02246390  0.00000000    0.00000000  0.00395690
  0.00000000 -0.08186488    0.00000000  0.08186488   -0.33662358  0.00000000
    3    3
  0.13089525  0.00000000   -0.01023532  0.00000000    0.00000000 -0.00068167
 -0.01023532  0.00000000    0.13089525  0.00000000    0.00000000  0.00068167
  0.00000000  0.00068167    0.00000000 -0.00068167    0.48833029  0.00000000
    3    4
 -0.00592628  0.00592628   -0.00060949  0.00060949    0.04788197  0.04788197
 -0.00139331  0.00139331    0.00057732 -0.00057732   -0.00540861 -0.00540861
  0.09045525  0.09045525   -0.00416559 -0.00416559    0.00981584 -0.00981584
    3    5
  0.00057732  0.00057732   -0.00139331 -0.00139331   -0.00540861  0.00540861
 -0.00060949 -0.00060949   -0.00592628 -0.00592628    0.04788197 -0.04788197
 -0.00416559  0.00416559    0.09045525 -0.09045525    0.00981584  0.00981584
    4    1
 -0.00765664 -0.00765664    0.00649762  0.00649762   -0.02007480  0.02007480
  0.00089030  0.00089030   -0.00010594 -0.00010594    0.01633380 -0.01633380
 -0.00608182  0.00608182    0.01773133 -0.01773133   -0.00454968 -0.00454968
    4    2
 -0.01591033 -0.01591033    0.05787429  0.05787429    0.00757612 -0.00757612
  0.00344948  0.00344948   -0.03177844 -0.03177844    0.00087294 -0.00087294
  0.00103270 -0.00103270    0.00263722 -0.00263722   -0.06264737 -0.06264737
    4    3
 -0.00592628 -0.00592628   -0.00139331 -0.00139331    0.09045525 -0.09045525
 -0.00060949 -0.00060949    0.00057732  0.00057732   -0.00416559  0.00416559
  0.04788197 -0.04788197   -0.00540861  0.00540861    0.00981584  0.00981584
    4    4
  0.28770248  0.00000000   -0.01323971  0.00000000    0.00000000  0.01822867
 -0.01323971  0.00000000    0.10919022  0.00000000    0.00000000 -0.00157454
  0.00000000 -0.01822867    0.00000000  0.00157454    0.12572448  0.00000000
    4    5
 -0.00000000 -0.04195394   -0.00000000 -0.12229004   -0.00279066  0.00000000
 -0.00000000 -0.04995235   -0.00000000 -0.04195394   -0.00140094  0.00000000
 -0.00140094  0.00000000   -0.00279066  0.00000000    0.00000000  0.02111088
    5    1
 -0.00010594  0.00010594    0.00089030 -0.00089030    0.01633380  0.01633380
  0.00649762 -0.00649762   -0.00765664  0.00765664   -0.02007480 -0.02007480
  0.01773133  0.01773133   -0.00608182 -0.00608182   -0.00454968  0.00454968
    5    2
 -0.03177844  0.03177844    0.00344948 -0.00344948    0.00087294  0.00087294
  0.05787429 -0.05787429   -0.01591033  0.01591033    0.00757612  0.00757612
  0.00263722  0.00263722    0.00103270  0.00103270   -0.06264737  0.06264737
    5    3
  0.00057732 -0.00057732   -0.00060949  0.00060949   -0.00416559 -0.00416559
 -0.00139331  0.00139331   -0.00592628  0.00592628    0.09045525  0.09045525
 -0.00540861 -0.00540861    0.04788197  0.04788197    0.00981584 -0.00981584
    5    4
 -0.00000000  0.04195394   -0.00000000  0.04995235   -0.00140094 -0.00000000
 -0.00000000  0.12229004   -0.00000000  0.04195394   -0.00279066 -0.00000000
 -0.00279066 -0.00000000   -0.00140094 -0.00000000    0.00000000 -0.02111088
    5    5
  0.10919022  0.00000000   -0.01323971  0.00000000    0.00000000  0.00157454
 -0.01323971  0.00000000    0.28770248  0.00000000    0.00000000 -0.01822867
  0.00000000 -0.00157454    0.00000000  0.01822867    0.12572448  0.00000000

     Diagonalizing the dynamical matrix

     q = (    0.250000000   0.250000000  -0.483693608 ) 

 **************************************************************************
     freq (    1) =       2.495725 [THz] =      83.248414 [cm-1]
 (  0.195010  0.195010  0.195010  0.195010  0.568226 -0.568226 ) 
 (  0.175659 -0.175659  0.175659 -0.175659  0.135851  0.135851 ) 
 ( -0.026047  0.026047 -0.026047  0.026047  0.085575  0.085575 ) 
 (  0.000000 -0.029332  0.000000  0.034577  0.100786  0.000000 ) 
 ( -0.000000  0.034577  0.000000 -0.029332  0.100786  0.000000 ) 
     freq (    2) =       2.732354 [THz] =      91.141524 [cm-1]
 ( -0.403051 -0.403051 -0.403051 -0.403051  0.281894 -0.281894 ) 
 (  0.081484 -0.081484  0.081484 -0.081484 -0.222444 -0.222444 ) 
 (  0.049701 -0.049701  0.049701 -0.049701 -0.148648 -0.148648 ) 
 (  0.000000  0.043791 -0.000000  0.032738 -0.053381  0.000000 ) 
 (  0.000000  0.032738 -0.000000  0.043791 -0.053381  0.000000 ) 
     freq (    3) =       3.008177 [THz] =     100.341988 [cm-1]
 (  0.466507  0.466507 -0.466507 -0.466507  0.000000 -0.000000 ) 
 ( -0.091112  0.091112  0.091112 -0.091112  0.000000  0.000000 ) 
 ( -0.055767  0.055767  0.055767 -0.055767  0.000000  0.000000 ) 
 ( -0.000000  0.017528 -0.000000 -0.103687  0.175673  0.000000 ) 
 (  0.000000  0.103687  0.000000 -0.017528 -0.175673  0.000000 ) 
     freq (    4) =       4.921319 [THz] =     164.157538 [cm-1]
 (  0.016792  0.016792 -0.016792 -0.016792 -0.000000  0.000000 ) 
 (  0.047595 -0.047595 -0.047595  0.047595  0.000000 -0.000000 ) 
 (  0.110180 -0.110180 -0.110180  0.110180  0.000000 -0.000000 ) 
 (  0.000000 -0.256337 -0.000000  0.616170 -0.158909 -0.000000 ) 
 (  0.000000 -0.616170 -0.000000  0.256337  0.158909  0.000000 ) 
     freq (    5) =       5.572247 [THz] =     185.870142 [cm-1]
 (  0.036411  0.036411  0.036411  0.036411 -0.001206  0.001206 ) 
 (  0.053071 -0.053071  0.053071 -0.053071 -0.219444 -0.219444 ) 
 (  0.272184 -0.272184  0.272184 -0.272184 -0.181357 -0.181357 ) 
 (  0.000000  0.043175 -0.000000 -0.006657 -0.510481 -0.000000 ) 
 (  0.000000 -0.006657 -0.000000  0.043175 -0.510481  0.000000 ) 
     freq (    6) =       6.188638 [THz] =     206.430733 [cm-1]
 (  0.012752  0.012752 -0.012752 -0.012752 -0.000000  0.000000 ) 
 (  0.010011 -0.010011 -0.010011  0.010011 -0.000000 -0.000000 ) 
 (  0.309104 -0.309104 -0.309104  0.309104 -0.000000 -0.000000 ) 
 ( -0.000000  0.017764  0.000000 -0.242512 -0.499256 -0.000000 ) 
 ( -0.000000  0.242512 -0.000000 -0.017764  0.499256  0.000000 ) 
     freq (    7) =       7.737950 [THz] =     258.110240 [cm-1]
 (  0.024253  0.024253 -0.024253 -0.024253 -0.000000  0.000000 ) 
 (  0.398453 -0.398453 -0.398453  0.398453  0.000000 -0.000000 ) 
 (  0.019097 -0.019097 -0.019097  0.019097  0.000000 -0.000000 ) 
 (  0.000000  0.413139 -0.000000 -0.005029  0.099277 -0.000000 ) 
 ( -0.000000  0.005029 -0.000000 -0.413139 -0.099277  0.000000 ) 
     freq (    8) =       8.330811 [THz] =     277.885948 [cm-1]
 (  0.029560  0.029560  0.029560  0.029560  0.020657 -0.020657 ) 
 ( -0.095089  0.095089 -0.095089  0.095089 -0.250977 -0.250977 ) 
 ( -0.268032  0.268032 -0.268032  0.268032 -0.318458 -0.318458 ) 
 ( -0.000000  0.284874 -0.000000  0.262113  0.147643 -0.000000 ) 
 ( -0.000000  0.262113  0.000000  0.284874  0.147643  0.000000 ) 
     freq (    9) =       8.995338 [THz] =     300.052176 [cm-1]
 ( -0.008842 -0.008842 -0.008842 -0.008842  0.056360 -0.056360 ) 
 ( -0.277097  0.277097 -0.277097  0.277097  0.111393  0.111393 ) 
 (  0.175651 -0.175651  0.175651 -0.175651  0.216719  0.216719 ) 
 ( -0.000000  0.025593  0.000000  0.415456 -0.220821  0.000000 ) 
 (  0.000000  0.415456 -0.000000  0.025593 -0.220821  0.000000 ) 
     freq (   10) =      11.367714 [THz] =     379.186120 [cm-1]
 ( -0.006499 -0.006499  0.006499  0.006499 -0.000000  0.000000 ) 
 ( -0.022365  0.022365  0.022365 -0.022365  0.000000  0.000000 ) 
 (  0.376733 -0.376733 -0.376733  0.376733 -0.000000 -0.000000 ) 
 ( -0.000000 -0.010570 -0.000000 -0.006183  0.463583  0.000000 ) 
 ( -0.000000  0.006183  0.000000  0.010570 -0.463583  0.000000 ) 
     freq (   11) =      11.424594 [THz] =     381.083433 [cm-1]
 (  0.004006  0.004006  0.004006  0.004006  0.040045 -0.040045 ) 
 ( -0.151155  0.151155 -0.151155  0.151155 -0.059544 -0.059544 ) 
 ( -0.140380  0.140380 -0.140380  0.140380  0.064295  0.064295 ) 
 ( -0.000000 -0.028772  0.000000 -0.610089 -0.180387 -0.000000 ) 
 (  0.000000 -0.610089  0.000000 -0.028772 -0.180387  0.000000 ) 
     freq (   12) =      12.387769 [THz] =     413.211501 [cm-1]
 ( -0.002696 -0.002696  0.002696  0.002696 -0.000000 -0.000000 ) 
 ( -0.104847  0.104847  0.104847 -0.104847 -0.000000  0.000000 ) 
 (  0.039392 -0.039392 -0.039392  0.039392  0.000000  0.000000 ) 
 ( -0.000000  0.626526 -0.000000  0.276465 -0.076994 -0.000000 ) 
 (  0.000000 -0.276465  0.000000 -0.626526  0.076994  0.000000 ) 
     freq (   13) =      12.783095 [THz] =     426.398161 [cm-1]
 (  0.006888  0.006888  0.006888  0.006888  0.009947 -0.009947 ) 
 ( -0.058028  0.058028 -0.058028  0.058028 -0.026389 -0.026389 ) 
 (  0.323646 -0.323646  0.323646 -0.323646 -0.153068 -0.153068 ) 
 (  0.000000  0.197461  0.000000 -0.199816  0.424894  0.000000 ) 
 ( -0.000000 -0.199816 -0.000000  0.197461  0.424894  0.000000 ) 
     freq (   14) =      16.600849 [THz] =     553.744722 [cm-1]
 (  0.013582  0.013582  0.013582  0.013582  0.005028 -0.005028 ) 
 ( -0.030242  0.030242 -0.030242  0.030242 -0.237015 -0.237015 ) 
 (  0.049166 -0.049166  0.049166 -0.049166  0.208575  0.208575 ) 
 (  0.000000 -0.577836  0.000000  0.076736  0.231256  0.000000 ) 
 ( -0.000000  0.076736 -0.000000 -0.577836  0.231256  0.000000 ) 
     freq (   15) =      22.797664 [THz] =     760.448223 [cm-1]
 (  0.002773  0.002773  0.002773  0.002773 -0.009171  0.009171 ) 
 (  0.046174 -0.046174  0.046174 -0.046174 -0.135165 -0.135165 ) 
 (  0.004837 -0.004837  0.004837 -0.004837  0.578254  0.578254 ) 
 ( -0.000000  0.376150  0.000000 -0.004102  0.037909 -0.000000 ) 
 ( -0.000000 -0.004102 -0.000000  0.376150  0.037909  0.000000 ) 
 **************************************************************************
