Dynamical matrix file
                                                                           
  3    5  6  7.4842961  0.0000000  1.0337122  0.0000000  0.0000000  0.0000000
           1  'O   '    14573.9934316950     
           2  'Ti  '    43639.9503132932     
           3  'Ba  '    125168.637772025     
    1    3      0.0000000000      0.0000000000      0.0240905323
    2    2      0.5000000000      0.5000000000      0.4839367915
    3    1      0.5000000000      0.5000000000      0.0225908340
    4    1      0.0000000000      0.5000000000      0.5288970673
    5    1      0.5000000000      0.0000000000      0.5288970673

     Dynamical  Matrix in cartesian axes

     q = (    0.250000000   0.250000000   0.241846804 ) 

    1    1
  0.13589829  0.00000000    0.01348283  0.00000000    0.01227547  0.00123537
  0.01348283  0.00000000    0.13589829  0.00000000    0.01227547  0.00123537
  0.01227547 -0.00123537    0.01227547 -0.00123537    0.11473284  0.00000000
    1    2
 -0.00405387  0.00419283   -0.04908645 -0.07963897   -0.07582476 -0.04533218
 -0.04908645 -0.07963897   -0.00405387  0.00419283   -0.07582476 -0.04533218
 -0.07241054 -0.05747066   -0.07241054 -0.05747066    0.00833849  0.00349436
    1    3
 -0.00014236  0.00542247    0.00035072  0.01664826    0.01393261  0.01886364
  0.00035072  0.01664826   -0.00014236  0.00542247    0.01393261  0.01886364
  0.00241203  0.00865320    0.00241203  0.00865320   -0.00169561  0.03507226
    1    4
 -0.00872804  0.04122725   -0.00147860  0.00918313    0.00010743  0.00935410
 -0.00757124  0.02643150   -0.00051523  0.00252254   -0.00178371  0.02193164
 -0.00066128  0.02667914   -0.00099709  0.02137146   -0.00456415 -0.00050337
    1    5
 -0.00051523  0.00252254   -0.00757124  0.02643150   -0.00178371  0.02193164
 -0.00147860  0.00918313   -0.00872804  0.04122725    0.00010743  0.00935410
 -0.00099709  0.02137146   -0.00066128  0.02667914   -0.00456415 -0.00050337
    2    1
 -0.00405387 -0.00419283   -0.04908645  0.07963897   -0.07241054  0.05747066
 -0.04908645  0.07963897   -0.00405387 -0.00419283   -0.07241054  0.05747066
 -0.07582476  0.04533218   -0.07582476  0.04533218    0.00833849 -0.00349436
    2    2
  0.37099275  0.00000000    0.08683038  0.00000000    0.06184588  0.01558694
  0.08683038  0.00000000    0.37099275  0.00000000    0.06184588  0.01558694
  0.06184588 -0.01558694    0.06184588 -0.01558694    0.49453272  0.00000000
    2    3
 -0.05395062 -0.03014524   -0.01319488 -0.00992998   -0.04882286 -0.05635848
 -0.01319488 -0.00992998   -0.05395062 -0.03014524   -0.04882286 -0.05635848
 -0.01131076 -0.00670436   -0.01131076 -0.00670436   -0.26599067  0.06422622
    2    4
 -0.03331748 -0.03593770   -0.01373291 -0.01414638   -0.00836089 -0.01362712
 -0.07121698 -0.07504463   -0.04041047 -0.04039759   -0.01206857 -0.01019543
 -0.04200086 -0.05416111   -0.00875287 -0.00880286   -0.03990761 -0.05414841
    2    5
 -0.04041047 -0.04039759   -0.07121698 -0.07504463   -0.01206857 -0.01019543
 -0.01373291 -0.01414638   -0.03331748 -0.03593770   -0.00836089 -0.01362712
 -0.00875287 -0.00880286   -0.04200086 -0.05416111   -0.03990761 -0.05414841
    3    1
 -0.00014236 -0.00542247    0.00035072 -0.01664826    0.00241203 -0.00865320
  0.00035072 -0.01664826   -0.00014236 -0.00542247    0.00241203 -0.00865320
  0.01393261 -0.01886364    0.01393261 -0.01886364   -0.00169561 -0.03507226
    3    2
 -0.05395062  0.03014524   -0.01319488  0.00992998   -0.01131076  0.00670436
 -0.01319488  0.00992998   -0.05395062  0.03014524   -0.01131076  0.00670436
 -0.04882286  0.05635848   -0.04882286  0.05635848   -0.26599067 -0.06422622
    3    3
  0.13302649  0.00000000    0.01380033  0.00000000    0.01379135  0.00052059
  0.01380033  0.00000000    0.13302649  0.00000000    0.01379135  0.00052059
  0.01379135 -0.00052059    0.01379135 -0.00052059    0.41567287  0.00000000
    3    4
 -0.02605432 -0.00481766    0.00727138  0.00068417    0.05029877 -0.00679845
  0.01249921  0.00202284    0.01332099  0.00040085    0.00751907  0.00017940
  0.10789131 -0.01324813    0.00914375  0.00170692   -0.02660486  0.01025613
    3    5
  0.01332099  0.00040085    0.01249921  0.00202284    0.00751907  0.00017940
  0.00727138  0.00068417   -0.02605432 -0.00481766    0.05029877 -0.00679845
  0.00914375  0.00170692    0.10789131 -0.01324813   -0.02660486  0.01025613
    4    1
 -0.00872804 -0.04122725   -0.00757124 -0.02643150   -0.00066128 -0.02667914
 -0.00147860 -0.00918313   -0.00051523 -0.00252254   -0.00099709 -0.02137146
  0.00010743 -0.00935410   -0.00178371 -0.02193164   -0.00456415  0.00050337
    4    2
 -0.03331748  0.03593770   -0.07121698  0.07504463   -0.04200086  0.05416111
 -0.01373291  0.01414638   -0.04041047  0.04039759   -0.00875287  0.00880286
 -0.00836089  0.01362712   -0.01206857  0.01019543   -0.03990761  0.05414841
    4    3
 -0.02605432  0.00481766    0.01249921 -0.00202284    0.10789131  0.01324813
  0.00727138 -0.00068417    0.01332099 -0.00040085    0.00914375 -0.00170692
  0.05029877  0.00679845    0.00751907 -0.00017940   -0.02660486 -0.01025613
    4    4
  0.31469913  0.00000000    0.02082876 -0.00005198    0.01507230 -0.01498862
  0.02082876  0.00005198    0.11570689  0.00000000    0.01180922 -0.00031914
  0.01507230  0.01498862    0.01180922  0.00031914    0.11823354  0.00000000
    4    5
 -0.03426645 -0.00030178    0.14407444  0.00000000    0.01196178 -0.00016153
  0.05762486  0.00000000   -0.03426645  0.00030178    0.00781911  0.00270406
  0.00781911 -0.00270406    0.01196178  0.00016153    0.01556146  0.00000000
    5    1
 -0.00051523 -0.00252254   -0.00147860 -0.00918313   -0.00099709 -0.02137146
 -0.00757124 -0.02643150   -0.00872804 -0.04122725   -0.00066128 -0.02667914
 -0.00178371 -0.02193164    0.00010743 -0.00935410   -0.00456415  0.00050337
    5    2
 -0.04041047  0.04039759   -0.01373291  0.01414638   -0.00875287  0.00880286
 -0.07121698  0.07504463   -0.03331748  0.03593770   -0.04200086  0.05416111
 -0.01206857  0.01019543   -0.00836089  0.01362712   -0.03990761  0.05414841
    5    3
  0.01332099 -0.00040085    0.00727138 -0.00068417    0.00914375 -0.00170692
  0.01249921 -0.00202284   -0.02605432  0.00481766    0.10789131  0.01324813
  0.00751907 -0.00017940    0.05029877  0.00679845   -0.02660486 -0.01025613
    5    4
 -0.03426645  0.00030178    0.05762486  0.00000000    0.00781911  0.00270406
  0.14407444  0.00000000   -0.03426645 -0.00030178    0.01196178 -0.00016153
  0.01196178  0.00016153    0.00781911 -0.00270406    0.01556146  0.00000000
    5    5
  0.11570689  0.00000000    0.02082876  0.00005198    0.01180922 -0.00031914
  0.02082876 -0.00005198    0.31469913  0.00000000    0.01507230 -0.01498862
  0.01180922  0.00031914    0.01507230  0.01498862    0.11823354  0.00000000

     Dynamical  Matrix in cartesian axes

     q = (   -0.250000000  -0.250000000  -0.241846804 ) 

    1    1
  0.13589829  0.00000000    0.01348283  0.00000000    0.01227547 -0.00123537
  0.01348283  0.00000000    0.13589829  0.00000000    0.01227547 -0.00123537
  0.01227547  0.00123537    0.01227547  0.00123537    0.11473284  0.00000000
    1    2
 -0.00405387 -0.00419283   -0.04908645  0.07963897   -0.07582476  0.04533218
 -0.04908645  0.07963897   -0.00405387 -0.00419283   -0.07582476  0.04533218
 -0.07241054  0.05747066   -0.07241054  0.05747066    0.00833849 -0.00349436
    1    3
 -0.00014236 -0.00542247    0.00035072 -0.01664826    0.01393261 -0.01886364
  0.00035072 -0.01664826   -0.00014236 -0.00542247    0.01393261 -0.01886364
  0.00241203 -0.00865320    0.00241203 -0.00865320   -0.00169561 -0.03507226
    1    4
 -0.00872804 -0.04122725   -0.00147860 -0.00918313    0.00010743 -0.00935410
 -0.00757124 -0.02643150   -0.00051523 -0.00252254   -0.00178371 -0.02193164
 -0.00066128 -0.02667914   -0.00099709 -0.02137146   -0.00456415  0.00050337
    1    5
 -0.00051523 -0.00252254   -0.00757124 -0.02643150   -0.00178371 -0.02193164
 -0.00147860 -0.00918313   -0.00872804 -0.04122725    0.00010743 -0.00935410
 -0.00099709 -0.02137146   -0.00066128 -0.02667914   -0.00456415  0.00050337
    2    1
 -0.00405387  0.00419283   -0.04908645 -0.07963897   -0.07241054 -0.05747066
 -0.04908645 -0.07963897   -0.00405387  0.00419283   -0.07241054 -0.05747066
 -0.07582476 -0.04533218   -0.07582476 -0.04533218    0.00833849  0.00349436
    2    2
  0.37099275  0.00000000    0.08683038  0.00000000    0.06184588 -0.01558694
  0.08683038  0.00000000    0.37099275  0.00000000    0.06184588 -0.01558694
  0.06184588  0.01558694    0.06184588  0.01558694    0.49453272  0.00000000
    2    3
 -0.05395062  0.03014524   -0.01319488  0.00992998   -0.04882286  0.05635848
 -0.01319488  0.00992998   -0.05395062  0.03014524   -0.04882286  0.05635848
 -0.01131076  0.00670436   -0.01131076  0.00670436   -0.26599067 -0.06422622
    2    4
 -0.03331748  0.03593770   -0.01373291  0.01414638   -0.00836089  0.01362712
 -0.07121698  0.07504463   -0.04041047  0.04039759   -0.01206857  0.01019543
 -0.04200086  0.05416111   -0.00875287  0.00880286   -0.03990761  0.05414841
    2    5
 -0.04041047  0.04039759   -0.07121698  0.07504463   -0.01206857  0.01019543
 -0.01373291  0.01414638   -0.03331748  0.03593770   -0.00836089  0.01362712
 -0.00875287  0.00880286   -0.04200086  0.05416111   -0.03990761  0.05414841
    3    1
 -0.00014236  0.00542247    0.00035072  0.01664826    0.00241203  0.00865320
  0.00035072  0.01664826   -0.00014236  0.00542247    0.00241203  0.00865320
  0.01393261  0.01886364    0.01393261  0.01886364   -0.00169561  0.03507226
    3    2
 -0.05395062 -0.03014524   -0.01319488 -0.00992998   -0.01131076 -0.00670436
 -0.01319488 -0.00992998   -0.05395062 -0.03014524   -0.01131076 -0.00670436
 -0.04882286 -0.05635848   -0.04882286 -0.05635848   -0.26599067  0.06422622
    3    3
  0.13302649  0.00000000    0.01380033  0.00000000    0.01379135 -0.00052059
  0.01380033  0.00000000    0.13302649  0.00000000    0.01379135 -0.00052059
  0.01379135  0.00052059    0.01379135  0.00052059    0.41567287  0.00000000
    3    4
 -0.02605432  0.00481766    0.00727138 -0.00068417    0.05029877  0.00679845
  0.01249921 -0.00202284    0.01332099 -0.00040085    0.00751907 -0.00017940
  0.10789131  0.01324813    0.00914375 -0.00170692   -0.02660486 -0.01025613
    3    5
  0.01332099 -0.00040085    0.01249921 -0.00202284    0.00751907 -0.00017940
  0.00727138 -0.00068417   -0.02605432  0.00481766    0.05029877  0.00679845
  0.00914375 -0.00170692    0.10789131  0.01324813   -0.02660486 -0.01025613
    4    1
 -0.00872804  0.04122725   -0.00757124  0.02643150   -0.00066128  0.02667914
 -0.00147860  0.00918313   -0.00051523  0.00252254   -0.00099709  0.02137146
  0.00010743  0.00935410   -0.00178371  0.02193164   -0.00456415 -0.00050337
    4    2
 -0.03331748 -0.03593770   -0.07121698 -0.07504463   -0.04200086 -0.05416111
 -0.01373291 -0.01414638   -0.04041047 -0.04039759   -0.00875287 -0.00880286
 -0.00836089 -0.01362712   -0.01206857 -0.01019543   -0.03990761 -0.05414841
    4    3
 -0.02605432 -0.00481766    0.01249921  0.00202284    0.10789131 -0.01324813
  0.00727138  0.00068417    0.01332099  0.00040085    0.00914375  0.00170692
  0.05029877 -0.00679845    0.00751907  0.00017940   -0.02660486  0.01025613
    4    4
  0.31469913  0.00000000    0.02082876  0.00005198    0.01507230  0.01498862
  0.02082876 -0.00005198    0.11570689  0.00000000    0.01180922  0.00031914
  0.01507230 -0.01498862    0.01180922 -0.00031914    0.11823354  0.00000000
    4    5
 -0.03426645  0.00030178    0.14407444  0.00000000    0.01196178  0.00016153
  0.05762486  0.00000000   -0.03426645 -0.00030178    0.00781911 -0.00270406
  0.00781911  0.00270406    0.01196178 -0.00016153    0.01556146  0.00000000
    5    1
 -0.00051523  0.00252254   -0.00147860  0.00918313   -0.00099709  0.02137146
 -0.00757124  0.02643150   -0.00872804  0.04122725   -0.00066128  0.02667914
 -0.00178371  0.02193164    0.00010743  0.00935410   -0.00456415 -0.00050337
    5    2
 -0.04041047 -0.04039759   -0.01373291 -0.01414638   -0.00875287 -0.00880286
 -0.07121698 -0.07504463   -0.03331748 -0.03593770   -0.04200086 -0.05416111
 -0.01206857 -0.01019543   -0.00836089 -0.01362712   -0.03990761 -0.05414841
    5    3
  0.01332099  0.00040085    0.00727138  0.00068417    0.00914375  0.00170692
  0.01249921  0.00202284   -0.02605432 -0.00481766    0.10789131 -0.01324813
  0.00751907  0.00017940    0.05029877 -0.00679845   -0.02660486  0.01025613
    5    4
 -0.03426645 -0.00030178    0.05762486  0.00000000    0.00781911 -0.00270406
  0.14407444  0.00000000   -0.03426645  0.00030178    0.01196178  0.00016153
  0.01196178 -0.00016153    0.00781911  0.00270406    0.01556146  0.00000000
    5    5
  0.11570689  0.00000000    0.02082876 -0.00005198    0.01180922  0.00031914
  0.02082876  0.00005198    0.31469913  0.00000000    0.01507230  0.01498862
  0.01180922 -0.00031914    0.01507230 -0.01498862    0.11823354  0.00000000

     Dynamical  Matrix in cartesian axes

     q = (   -0.250000000  -0.250000000   0.241846804 ) 

    1    1
  0.13589829  0.00000000    0.01348283  0.00000000   -0.01227547 -0.00123537
  0.01348283  0.00000000    0.13589829  0.00000000   -0.01227547 -0.00123537
 -0.01227547  0.00123537   -0.01227547  0.00123537    0.11473284  0.00000000
    1    2
  0.00405387 -0.00419283    0.04908645  0.07963897   -0.07582476 -0.04533218
  0.04908645  0.07963897    0.00405387 -0.00419283   -0.07582476 -0.04533218
 -0.07241054 -0.05747066   -0.07241054 -0.05747066   -0.00833849 -0.00349436
    1    3
  0.00014236 -0.00542247   -0.00035072 -0.01664826    0.01393261  0.01886364
 -0.00035072 -0.01664826    0.00014236 -0.00542247    0.01393261  0.01886364
  0.00241203  0.00865320    0.00241203  0.00865320    0.00169561 -0.03507226
    1    4
 -0.04122725 -0.00872804   -0.00918313 -0.00147860    0.00935410 -0.00010743
 -0.02643150 -0.00757124   -0.00252254 -0.00051523    0.02193164  0.00178371
  0.02667914  0.00066128    0.02137146  0.00099709    0.00050337 -0.00456415
    1    5
 -0.00252254 -0.00051523   -0.02643150 -0.00757124    0.02193164  0.00178371
 -0.00918313 -0.00147860   -0.04122725 -0.00872804    0.00935410 -0.00010743
  0.02137146  0.00099709    0.02667914  0.00066128    0.00050337 -0.00456415
    2    1
  0.00405387  0.00419283    0.04908645 -0.07963897   -0.07241054  0.05747066
  0.04908645 -0.07963897    0.00405387  0.00419283   -0.07241054  0.05747066
 -0.07582476  0.04533218   -0.07582476  0.04533218   -0.00833849  0.00349436
    2    2
  0.37099275  0.00000000    0.08683038  0.00000000   -0.06184588 -0.01558694
  0.08683038  0.00000000    0.37099275  0.00000000   -0.06184588 -0.01558694
 -0.06184588  0.01558694   -0.06184588  0.01558694    0.49453272  0.00000000
    2    3
 -0.05395062 -0.03014524   -0.01319488 -0.00992998    0.04882286  0.05635848
 -0.01319488 -0.00992998   -0.05395062 -0.03014524    0.04882286  0.05635848
  0.01131076  0.00670436    0.01131076  0.00670436   -0.26599067  0.06422622
    2    4
 -0.03593770  0.03331748   -0.01414638  0.01373291    0.01362712 -0.00836089
 -0.07504463  0.07121698   -0.04039759  0.04041047    0.01019543 -0.01206857
  0.05416111 -0.04200086    0.00880286 -0.00875287   -0.05414841  0.03990761
    2    5
 -0.04039759  0.04041047   -0.07504463  0.07121698    0.01019543 -0.01206857
 -0.01414638  0.01373291   -0.03593770  0.03331748    0.01362712 -0.00836089
  0.00880286 -0.00875287    0.05416111 -0.04200086   -0.05414841  0.03990761
    3    1
  0.00014236  0.00542247   -0.00035072  0.01664826    0.00241203 -0.00865320
 -0.00035072  0.01664826    0.00014236  0.00542247    0.00241203 -0.00865320
  0.01393261 -0.01886364    0.01393261 -0.01886364    0.00169561  0.03507226
    3    2
 -0.05395062  0.03014524   -0.01319488  0.00992998    0.01131076 -0.00670436
 -0.01319488  0.00992998   -0.05395062  0.03014524    0.01131076 -0.00670436
  0.04882286 -0.05635848    0.04882286 -0.05635848   -0.26599067 -0.06422622
    3    3
  0.13302649  0.00000000    0.01380033  0.00000000   -0.01379135 -0.00052059
  0.01380033  0.00000000    0.13302649  0.00000000   -0.01379135 -0.00052059
 -0.01379135  0.00052059   -0.01379135  0.00052059    0.41567287  0.00000000
    3    4
 -0.00481766  0.02605432    0.00068417 -0.00727138    0.00679845  0.05029877
  0.00202284 -0.01249921    0.00040085 -0.01332099   -0.00017940  0.00751907
  0.01324813  0.10789131   -0.00170692  0.00914375    0.01025613  0.02660486
    3    5
  0.00040085 -0.01332099    0.00202284 -0.01249921   -0.00017940  0.00751907
  0.00068417 -0.00727138   -0.00481766  0.02605432    0.00679845  0.05029877
 -0.00170692  0.00914375    0.01324813  0.10789131    0.01025613  0.02660486
    4    1
 -0.04122725  0.00872804   -0.02643150  0.00757124    0.02667914 -0.00066128
 -0.00918313  0.00147860   -0.00252254  0.00051523    0.02137146 -0.00099709
  0.00935410  0.00010743    0.02193164 -0.00178371    0.00050337  0.00456415
    4    2
 -0.03593770 -0.03331748   -0.07504463 -0.07121698    0.05416111  0.04200086
 -0.01414638 -0.01373291   -0.04039759 -0.04041047    0.00880286  0.00875287
  0.01362712  0.00836089    0.01019543  0.01206857   -0.05414841 -0.03990761
    4    3
 -0.00481766 -0.02605432    0.00202284  0.01249921    0.01324813 -0.10789131
  0.00068417  0.00727138    0.00040085  0.01332099   -0.00170692 -0.00914375
  0.00679845 -0.05029877   -0.00017940 -0.00751907    0.01025613 -0.02660486
    4    4
  0.31469913  0.00000000    0.02082876 -0.00005198   -0.01507230  0.01498862
  0.02082876  0.00005198    0.11570689  0.00000000   -0.01180922  0.00031914
 -0.01507230 -0.01498862   -0.01180922 -0.00031914    0.11823354  0.00000000
    4    5
 -0.03426645 -0.00030178    0.14407444  0.00000000   -0.01196178  0.00016153
  0.05762486  0.00000000   -0.03426645  0.00030178   -0.00781911 -0.00270406
 -0.00781911  0.00270406   -0.01196178 -0.00016153    0.01556146  0.00000000
    5    1
 -0.00252254  0.00051523   -0.00918313  0.00147860    0.02137146 -0.00099709
 -0.02643150  0.00757124   -0.04122725  0.00872804    0.02667914 -0.00066128
  0.02193164 -0.00178371    0.00935410  0.00010743    0.00050337  0.00456415
    5    2
 -0.04039759 -0.04041047   -0.01414638 -0.01373291    0.00880286  0.00875287
 -0.07504463 -0.07121698   -0.03593770 -0.03331748    0.05416111  0.04200086
  0.01019543  0.01206857    0.01362712  0.00836089   -0.05414841 -0.03990761
    5    3
  0.00040085  0.01332099    0.00068417  0.00727138   -0.00170692 -0.00914375
  0.00202284  0.01249921   -0.00481766 -0.02605432    0.01324813 -0.10789131
 -0.00017940 -0.00751907    0.00679845 -0.05029877    0.01025613 -0.02660486
    5    4
 -0.03426645  0.00030178    0.05762486  0.00000000   -0.00781911 -0.00270406
  0.14407444  0.00000000   -0.03426645 -0.00030178   -0.01196178  0.00016153
 -0.01196178 -0.00016153   -0.00781911  0.00270406    0.01556146  0.00000000
    5    5
  0.11570689  0.00000000    0.02082876  0.00005198   -0.01180922  0.00031914
  0.02082876 -0.00005198    0.31469913  0.00000000   -0.01507230  0.01498862
 -0.01180922 -0.00031914   -0.01507230 -0.01498862    0.11823354  0.00000000

     Dynamical  Matrix in cartesian axes

     q = (    0.250000000   0.250000000  -0.241846804 ) 

    1    1
  0.13589829  0.00000000    0.01348283  0.00000000   -0.01227547  0.00123537
  0.01348283  0.00000000    0.13589829  0.00000000   -0.01227547  0.00123537
 -0.01227547 -0.00123537   -0.01227547 -0.00123537    0.11473284  0.00000000
    1    2
  0.00405387  0.00419283    0.04908645 -0.07963897   -0.07582476  0.04533218
  0.04908645 -0.07963897    0.00405387  0.00419283   -0.07582476  0.04533218
 -0.07241054  0.05747066   -0.07241054  0.05747066   -0.00833849  0.00349436
    1    3
  0.00014236  0.00542247   -0.00035072  0.01664826    0.01393261 -0.01886364
 -0.00035072  0.01664826    0.00014236  0.00542247    0.01393261 -0.01886364
  0.00241203 -0.00865320    0.00241203 -0.00865320    0.00169561  0.03507226
    1    4
 -0.04122725  0.00872804   -0.00918313  0.00147860    0.00935410  0.00010743
 -0.02643150  0.00757124   -0.00252254  0.00051523    0.02193164 -0.00178371
  0.02667914 -0.00066128    0.02137146 -0.00099709    0.00050337  0.00456415
    1    5
 -0.00252254  0.00051523   -0.02643150  0.00757124    0.02193164 -0.00178371
 -0.00918313  0.00147860   -0.04122725  0.00872804    0.00935410  0.00010743
  0.02137146 -0.00099709    0.02667914 -0.00066128    0.00050337  0.00456415
    2    1
  0.00405387 -0.00419283    0.04908645  0.07963897   -0.07241054 -0.05747066
  0.04908645  0.07963897    0.00405387 -0.00419283   -0.07241054 -0.05747066
 -0.07582476 -0.04533218   -0.07582476 -0.04533218   -0.00833849 -0.00349436
    2    2
  0.37099275  0.00000000    0.08683038  0.00000000   -0.06184588  0.01558694
  0.08683038  0.00000000    0.37099275  0.00000000   -0.06184588  0.01558694
 -0.06184588 -0.01558694   -0.06184588 -0.01558694    0.49453272  0.00000000
    2    3
 -0.05395062  0.03014524   -0.01319488  0.00992998    0.04882286 -0.05635848
 -0.01319488  0.00992998   -0.05395062  0.03014524    0.04882286 -0.05635848
  0.01131076 -0.00670436    0.01131076 -0.00670436   -0.26599067 -0.06422622
    2    4
 -0.03593770 -0.03331748   -0.01414638 -0.01373291    0.01362712  0.00836089
 -0.07504463 -0.07121698   -0.04039759 -0.04041047    0.01019543  0.01206857
  0.05416111  0.04200086    0.00880286  0.00875287   -0.05414841 -0.03990761
    2    5
 -0.04039759 -0.04041047   -0.07504463 -0.07121698    0.01019543  0.01206857
 -0.01414638 -0.01373291   -0.03593770 -0.03331748    0.01362712  0.00836089
  0.00880286  0.00875287    0.05416111  0.04200086   -0.05414841 -0.03990761
    3    1
  0.00014236 -0.00542247   -0.00035072 -0.01664826    0.00241203  0.00865320
 -0.00035072 -0.01664826    0.00014236 -0.00542247    0.00241203  0.00865320
  0.01393261  0.01886364    0.01393261  0.01886364    0.00169561 -0.03507226
    3    2
 -0.05395062 -0.03014524   -0.01319488 -0.00992998    0.01131076  0.00670436
 -0.01319488 -0.00992998   -0.05395062 -0.03014524    0.01131076  0.00670436
  0.04882286  0.05635848    0.04882286  0.05635848   -0.26599067  0.06422622
    3    3
  0.13302649  0.00000000    0.01380033  0.00000000   -0.01379135  0.00052059
  0.01380033  0.00000000    0.13302649  0.00000000   -0.01379135  0.00052059
 -0.01379135 -0.00052059   -0.01379135 -0.00052059    0.41567287  0.00000000
    3    4
 -0.00481766 -0.02605432    0.00068417  0.00727138    0.00679845 -0.05029877
  0.00202284  0.01249921    0.00040085  0.01332099   -0.00017940 -0.00751907
  0.01324813 -0.10789131   -0.00170692 -0.00914375    0.01025613 -0.02660486
    3    5
  0.00040085  0.01332099    0.00202284  0.01249921   -0.00017940 -0.00751907
  0.00068417  0.00727138   -0.00481766 -0.02605432    0.00679845 -0.05029877
 -0.00170692 -0.00914375    0.01324813 -0.10789131    0.01025613 -0.02660486
    4    1
 -0.04122725 -0.00872804   -0.02643150 -0.00757124    0.02667914  0.00066128
 -0.00918313 -0.00147860   -0.00252254 -0.00051523    0.02137146  0.00099709
  0.00935410 -0.00010743    0.02193164  0.00178371    0.00050337 -0.00456415
    4    2
 -0.03593770  0.03331748   -0.07504463  0.07121698    0.05416111 -0.04200086
 -0.01414638  0.01373291   -0.04039759  0.04041047    0.00880286 -0.00875287
  0.01362712 -0.00836089    0.01019543 -0.01206857   -0.05414841  0.03990761
    4    3
 -0.00481766  0.02605432    0.00202284 -0.01249921    0.01324813  0.10789131
  0.00068417 -0.00727138    0.00040085 -0.01332099   -0.00170692  0.00914375
  0.00679845  0.05029877   -0.00017940  0.00751907    0.01025613  0.02660486
    4    4
  0.31469913  0.00000000    0.02082876  0.00005198   -0.01507230 -0.01498862
  0.02082876 -0.00005198    0.11570689  0.00000000   -0.01180922 -0.00031914
 -0.01507230  0.01498862   -0.01180922  0.00031914    0.11823354  0.00000000
    4    5
 -0.03426645  0.00030178    0.14407444  0.00000000   -0.01196178 -0.00016153
  0.05762486  0.00000000   -0.03426645 -0.00030178   -0.00781911  0.00270406
 -0.00781911 -0.00270406   -0.01196178  0.00016153    0.01556146  0.00000000
    5    1
 -0.00252254 -0.00051523   -0.00918313 -0.00147860    0.02137146  0.00099709
 -0.02643150 -0.00757124   -0.04122725 -0.00872804    0.02667914  0.00066128
  0.02193164  0.00178371    0.00935410 -0.00010743    0.00050337 -0.00456415
    5    2
 -0.04039759  0.04041047   -0.01414638  0.01373291    0.00880286 -0.00875287
 -0.07504463  0.07121698   -0.03593770  0.03331748    0.05416111 -0.04200086
  0.01019543 -0.01206857    0.01362712 -0.00836089   -0.05414841  0.03990761
    5    3
  0.00040085 -0.01332099    0.00068417 -0.00727138   -0.00170692  0.00914375
  0.00202284 -0.01249921   -0.00481766  0.02605432    0.01324813  0.10789131
 -0.00017940  0.00751907    0.00679845  0.05029877    0.01025613  0.02660486
    5    4
 -0.03426645 -0.00030178    0.05762486  0.00000000   -0.00781911  0.00270406
  0.14407444  0.00000000   -0.03426645  0.00030178   -0.01196178 -0.00016153
 -0.01196178  0.00016153   -0.00781911 -0.00270406    0.01556146  0.00000000
    5    5
  0.11570689  0.00000000    0.02082876 -0.00005198   -0.01180922 -0.00031914
  0.02082876  0.00005198    0.31469913  0.00000000   -0.01507230 -0.01498862
 -0.01180922  0.00031914   -0.01507230  0.01498862    0.11823354  0.00000000

     Dynamical  Matrix in cartesian axes

     q = (    0.250000000  -0.250000000   0.241846804 ) 

    1    1
  0.13589829  0.00000000   -0.01348283  0.00000000    0.01227547  0.00123537
 -0.01348283  0.00000000    0.13589829  0.00000000   -0.01227547 -0.00123537
  0.01227547 -0.00123537   -0.01227547  0.00123537    0.11473284  0.00000000
    1    2
 -0.00419283 -0.00405387   -0.07963897  0.04908645    0.04533218 -0.07582476
 -0.07963897  0.04908645   -0.00419283 -0.00405387   -0.04533218  0.07582476
  0.05747066 -0.07241054   -0.05747066  0.07241054   -0.00349436  0.00833849
    1    3
 -0.00542247 -0.00014236    0.01664826 -0.00035072   -0.01886364  0.01393261
  0.01664826 -0.00035072   -0.00542247 -0.00014236    0.01886364 -0.01393261
 -0.00865320  0.00241203    0.00865320 -0.00241203   -0.03507226 -0.00169561
    1    4
 -0.04122725 -0.00872804    0.00918313  0.00147860   -0.00935410  0.00010743
  0.02643150  0.00757124   -0.00252254 -0.00051523    0.02193164  0.00178371
 -0.02667914 -0.00066128    0.02137146  0.00099709    0.00050337 -0.00456415
    1    5
 -0.00051523  0.00252254    0.00757124 -0.02643150   -0.00178371  0.02193164
  0.00147860 -0.00918313   -0.00872804  0.04122725   -0.00010743 -0.00935410
 -0.00099709  0.02137146    0.00066128 -0.02667914   -0.00456415 -0.00050337
    2    1
 -0.00419283  0.00405387   -0.07963897 -0.04908645    0.05747066  0.07241054
 -0.07963897 -0.04908645   -0.00419283  0.00405387   -0.05747066 -0.07241054
  0.04533218  0.07582476   -0.04533218 -0.07582476   -0.00349436 -0.00833849
    2    2
  0.37099275  0.00000000   -0.08683038  0.00000000    0.06184588  0.01558694
 -0.08683038  0.00000000    0.37099275  0.00000000   -0.06184588 -0.01558694
  0.06184588 -0.01558694   -0.06184588  0.01558694    0.49453272  0.00000000
    2    3
 -0.05395062 -0.03014524    0.01319488  0.00992998   -0.04882286 -0.05635848
  0.01319488  0.00992998   -0.05395062 -0.03014524    0.04882286  0.05635848
 -0.01131076 -0.00670436    0.01131076  0.00670436   -0.26599067  0.06422622
    2    4
 -0.03331748 -0.03593770    0.01373291  0.01414638   -0.00836089 -0.01362712
  0.07121698  0.07504463   -0.04041047 -0.04039759    0.01206857  0.01019543
 -0.04200086 -0.05416111    0.00875287  0.00880286   -0.03990761 -0.05414841
    2    5
 -0.04039759  0.04041047    0.07504463 -0.07121698   -0.01019543  0.01206857
  0.01414638 -0.01373291   -0.03593770  0.03331748    0.01362712 -0.00836089
 -0.00880286  0.00875287    0.05416111 -0.04200086   -0.05414841  0.03990761
    3    1
 -0.00542247  0.00014236    0.01664826  0.00035072   -0.00865320 -0.00241203
  0.01664826  0.00035072   -0.00542247  0.00014236    0.00865320  0.00241203
 -0.01886364 -0.01393261    0.01886364  0.01393261   -0.03507226  0.00169561
    3    2
 -0.05395062  0.03014524    0.01319488 -0.00992998   -0.01131076  0.00670436
  0.01319488 -0.00992998   -0.05395062  0.03014524    0.01131076 -0.00670436
 -0.04882286  0.05635848    0.04882286 -0.05635848   -0.26599067 -0.06422622
    3    3
  0.13302649  0.00000000   -0.01380033  0.00000000    0.01379135  0.00052059
 -0.01380033  0.00000000    0.13302649  0.00000000   -0.01379135 -0.00052059
  0.01379135 -0.00052059   -0.01379135  0.00052059    0.41567287  0.00000000
    3    4
 -0.02605432 -0.00481766   -0.00727138 -0.00068417    0.05029877 -0.00679845
 -0.01249921 -0.00202284    0.01332099  0.00040085   -0.00751907 -0.00017940
  0.10789131 -0.01324813   -0.00914375 -0.00170692   -0.02660486  0.01025613
    3    5
  0.00040085 -0.01332099   -0.00202284  0.01249921    0.00017940 -0.00751907
 -0.00068417  0.00727138   -0.00481766  0.02605432    0.00679845  0.05029877
  0.00170692 -0.00914375    0.01324813  0.10789131    0.01025613  0.02660486
    4    1
 -0.04122725  0.00872804    0.02643150 -0.00757124   -0.02667914  0.00066128
  0.00918313 -0.00147860   -0.00252254  0.00051523    0.02137146 -0.00099709
 -0.00935410 -0.00010743    0.02193164 -0.00178371    0.00050337  0.00456415
    4    2
 -0.03331748  0.03593770    0.07121698 -0.07504463   -0.04200086  0.05416111
  0.01373291 -0.01414638   -0.04041047  0.04039759    0.00875287 -0.00880286
 -0.00836089  0.01362712    0.01206857 -0.01019543   -0.03990761  0.05414841
    4    3
 -0.02605432  0.00481766   -0.01249921  0.00202284    0.10789131  0.01324813
 -0.00727138  0.00068417    0.01332099 -0.00040085   -0.00914375  0.00170692
  0.05029877  0.00679845   -0.00751907  0.00017940   -0.02660486 -0.01025613
    4    4
  0.31469913  0.00000000   -0.02082876  0.00005198    0.01507230 -0.01498862
 -0.02082876 -0.00005198    0.11570689  0.00000000   -0.01180922  0.00031914
  0.01507230  0.01498862   -0.01180922 -0.00031914    0.11823354  0.00000000
    4    5
 -0.00030178  0.03426645   -0.00000000  0.14407444   -0.00016153 -0.01196178
 -0.00000000  0.05762486    0.00030178  0.03426645   -0.00270406  0.00781911
 -0.00270406 -0.00781911   -0.00016153  0.01196178    0.00000000 -0.01556146
    5    1
 -0.00051523 -0.00252254    0.00147860  0.00918313   -0.00099709 -0.02137146
  0.00757124  0.02643150   -0.00872804 -0.04122725    0.00066128  0.02667914
 -0.00178371 -0.02193164   -0.00010743  0.00935410   -0.00456415  0.00050337
    5    2
 -0.04039759 -0.04041047    0.01414638  0.01373291   -0.00880286 -0.00875287
  0.07504463  0.07121698   -0.03593770 -0.03331748    0.05416111  0.04200086
 -0.01019543 -0.01206857    0.01362712  0.00836089   -0.05414841 -0.03990761
    5    3
  0.00040085  0.01332099   -0.00068417 -0.00727138    0.00170692  0.00914375
 -0.00202284 -0.01249921   -0.00481766 -0.02605432    0.01324813 -0.10789131
  0.00017940  0.00751907    0.00679845 -0.05029877    0.01025613 -0.02660486
    5    4
 -0.00030178 -0.03426645   -0.00000000 -0.05762486   -0.00270406  0.00781911
 -0.00000000 -0.14407444    0.00030178 -0.03426645   -0.00016153 -0.01196178
 -0.00016153  0.01196178   -0.00270406 -0.00781911    0.00000000  0.01556146
    5    5
  0.11570689  0.00000000   -0.02082876 -0.00005198    0.01180922 -0.00031914
 -0.02082876  0.00005198    0.31469913  0.00000000   -0.01507230  0.01498862
  0.01180922  0.00031914   -0.01507230 -0.01498862    0.11823354  0.00000000

     Dynamical  Matrix in cartesian axes

     q = (   -0.250000000   0.250000000  -0.241846804 ) 

    1    1
  0.13589829  0.00000000   -0.01348283  0.00000000    0.01227547 -0.00123537
 -0.01348283  0.00000000    0.13589829  0.00000000   -0.01227547  0.00123537
  0.01227547  0.00123537   -0.01227547 -0.00123537    0.11473284  0.00000000
    1    2
 -0.00419283  0.00405387   -0.07963897 -0.04908645    0.04533218  0.07582476
 -0.07963897 -0.04908645   -0.00419283  0.00405387   -0.04533218 -0.07582476
  0.05747066  0.07241054   -0.05747066 -0.07241054   -0.00349436 -0.00833849
    1    3
 -0.00542247  0.00014236    0.01664826  0.00035072   -0.01886364 -0.01393261
  0.01664826  0.00035072   -0.00542247  0.00014236    0.01886364  0.01393261
 -0.00865320 -0.00241203    0.00865320  0.00241203   -0.03507226  0.00169561
    1    4
 -0.04122725  0.00872804    0.00918313 -0.00147860   -0.00935410 -0.00010743
  0.02643150 -0.00757124   -0.00252254  0.00051523    0.02193164 -0.00178371
 -0.02667914  0.00066128    0.02137146 -0.00099709    0.00050337  0.00456415
    1    5
 -0.00051523 -0.00252254    0.00757124  0.02643150   -0.00178371 -0.02193164
  0.00147860  0.00918313   -0.00872804 -0.04122725   -0.00010743  0.00935410
 -0.00099709 -0.02137146    0.00066128  0.02667914   -0.00456415  0.00050337
    2    1
 -0.00419283 -0.00405387   -0.07963897  0.04908645    0.05747066 -0.07241054
 -0.07963897  0.04908645   -0.00419283 -0.00405387   -0.05747066  0.07241054
  0.04533218 -0.07582476   -0.04533218  0.07582476   -0.00349436  0.00833849
    2    2
  0.37099275  0.00000000   -0.08683038  0.00000000    0.06184588 -0.01558694
 -0.08683038  0.00000000    0.37099275  0.00000000   -0.06184588  0.01558694
  0.06184588  0.01558694   -0.06184588 -0.01558694    0.49453272  0.00000000
    2    3
 -0.05395062  0.03014524    0.01319488 -0.00992998   -0.04882286  0.05635848
  0.01319488 -0.00992998   -0.05395062  0.03014524    0.04882286 -0.05635848
 -0.01131076  0.00670436    0.01131076 -0.00670436   -0.26599067 -0.06422622
    2    4
 -0.03331748  0.03593770    0.01373291 -0.01414638   -0.00836089  0.01362712
  0.07121698 -0.07504463   -0.04041047  0.04039759    0.01206857 -0.01019543
 -0.04200086  0.05416111    0.00875287 -0.00880286   -0.03990761  0.05414841
    2    5
 -0.04039759 -0.04041047    0.07504463  0.07121698   -0.01019543 -0.01206857
  0.01414638  0.01373291   -0.03593770 -0.03331748    0.01362712  0.00836089
 -0.00880286 -0.00875287    0.05416111  0.04200086   -0.05414841 -0.03990761
    3    1
 -0.00542247 -0.00014236    0.01664826 -0.00035072   -0.00865320  0.00241203
  0.01664826 -0.00035072   -0.00542247 -0.00014236    0.00865320 -0.00241203
 -0.01886364  0.01393261    0.01886364 -0.01393261   -0.03507226 -0.00169561
    3    2
 -0.05395062 -0.03014524    0.01319488  0.00992998   -0.01131076 -0.00670436
  0.01319488  0.00992998   -0.05395062 -0.03014524    0.01131076  0.00670436
 -0.04882286 -0.05635848    0.04882286  0.05635848   -0.26599067  0.06422622
    3    3
  0.13302649  0.00000000   -0.01380033  0.00000000    0.01379135 -0.00052059
 -0.01380033  0.00000000    0.13302649  0.00000000   -0.01379135  0.00052059
  0.01379135  0.00052059   -0.01379135 -0.00052059    0.41567287  0.00000000
    3    4
 -0.02605432  0.00481766   -0.00727138  0.00068417    0.05029877  0.00679845
 -0.01249921  0.00202284    0.01332099 -0.00040085   -0.00751907  0.00017940
  0.10789131  0.01324813   -0.00914375  0.00170692   -0.02660486 -0.01025613
    3    5
  0.00040085  0.01332099   -0.00202284 -0.01249921    0.00017940  0.00751907
 -0.00068417 -0.00727138   -0.00481766 -0.02605432    0.00679845 -0.05029877
  0.00170692  0.00914375    0.01324813 -0.10789131    0.01025613 -0.02660486
    4    1
 -0.04122725 -0.00872804    0.02643150  0.00757124   -0.02667914 -0.00066128
  0.00918313  0.00147860   -0.00252254 -0.00051523    0.02137146  0.00099709
 -0.00935410  0.00010743    0.02193164  0.00178371    0.00050337 -0.00456415
    4    2
 -0.03331748 -0.03593770    0.07121698  0.07504463   -0.04200086 -0.05416111
  0.01373291  0.01414638   -0.04041047 -0.04039759    0.00875287  0.00880286
 -0.00836089 -0.01362712    0.01206857  0.01019543   -0.03990761 -0.05414841
    4    3
 -0.02605432 -0.00481766   -0.01249921 -0.00202284    0.10789131 -0.01324813
 -0.00727138 -0.00068417    0.01332099  0.00040085   -0.00914375 -0.00170692
  0.05029877 -0.00679845   -0.00751907 -0.00017940   -0.02660486  0.01025613
    4    4
  0.31469913  0.00000000   -0.02082876 -0.00005198    0.01507230  0.01498862
 -0.02082876  0.00005198    0.11570689  0.00000000   -0.01180922 -0.00031914
  0.01507230 -0.01498862   -0.01180922  0.00031914    0.11823354  0.00000000
    4    5
 -0.00030178 -0.03426645   -0.00000000 -0.14407444   -0.00016153  0.01196178
 -0.00000000 -0.05762486    0.00030178 -0.03426645   -0.00270406 -0.00781911
 -0.00270406  0.00781911   -0.00016153 -0.01196178    0.00000000  0.01556146
    5    1
 -0.00051523  0.00252254    0.00147860 -0.00918313   -0.00099709  0.02137146
  0.00757124 -0.02643150   -0.00872804  0.04122725    0.00066128 -0.02667914
 -0.00178371  0.02193164   -0.00010743 -0.00935410   -0.00456415 -0.00050337
    5    2
 -0.04039759  0.04041047    0.01414638 -0.01373291   -0.00880286  0.00875287
  0.07504463 -0.07121698   -0.03593770  0.03331748    0.05416111 -0.04200086
 -0.01019543  0.01206857    0.01362712 -0.00836089   -0.05414841  0.03990761
    5    3
  0.00040085 -0.01332099   -0.00068417  0.00727138    0.00170692 -0.00914375
 -0.00202284  0.01249921   -0.00481766  0.02605432    0.01324813  0.10789131
  0.00017940 -0.00751907    0.00679845  0.05029877    0.01025613  0.02660486
    5    4
 -0.00030178  0.03426645   -0.00000000  0.05762486   -0.00270406 -0.00781911
 -0.00000000  0.14407444    0.00030178  0.03426645   -0.00016153  0.01196178
 -0.00016153 -0.01196178   -0.00270406  0.00781911    0.00000000 -0.01556146
    5    5
  0.11570689  0.00000000   -0.02082876  0.00005198    0.01180922  0.00031914
 -0.02082876 -0.00005198    0.31469913  0.00000000   -0.01507230 -0.01498862
  0.01180922 -0.00031914   -0.01507230  0.01498862    0.11823354  0.00000000

     Dynamical  Matrix in cartesian axes

     q = (   -0.250000000   0.250000000   0.241846804 ) 

    1    1
  0.13589829  0.00000000   -0.01348283  0.00000000   -0.01227547 -0.00123537
 -0.01348283  0.00000000    0.13589829  0.00000000    0.01227547  0.00123537
 -0.01227547  0.00123537    0.01227547 -0.00123537    0.11473284  0.00000000
    1    2
 -0.00419283 -0.00405387   -0.07963897  0.04908645   -0.04533218  0.07582476
 -0.07963897  0.04908645   -0.00419283 -0.00405387    0.04533218 -0.07582476
 -0.05747066  0.07241054    0.05747066 -0.07241054   -0.00349436  0.00833849
    1    3
 -0.00542247 -0.00014236    0.01664826 -0.00035072    0.01886364 -0.01393261
  0.01664826 -0.00035072   -0.00542247 -0.00014236   -0.01886364  0.01393261
  0.00865320 -0.00241203   -0.00865320  0.00241203   -0.03507226 -0.00169561
    1    4
 -0.00872804  0.04122725    0.00147860 -0.00918313   -0.00010743 -0.00935410
  0.00757124 -0.02643150   -0.00051523  0.00252254   -0.00178371  0.02193164
  0.00066128 -0.02667914   -0.00099709  0.02137146   -0.00456415 -0.00050337
    1    5
 -0.00252254 -0.00051523    0.02643150  0.00757124    0.02193164  0.00178371
  0.00918313  0.00147860   -0.04122725 -0.00872804   -0.00935410  0.00010743
  0.02137146  0.00099709   -0.02667914 -0.00066128    0.00050337 -0.00456415
    2    1
 -0.00419283  0.00405387   -0.07963897 -0.04908645   -0.05747066 -0.07241054
 -0.07963897 -0.04908645   -0.00419283  0.00405387    0.05747066  0.07241054
 -0.04533218 -0.07582476    0.04533218  0.07582476   -0.00349436 -0.00833849
    2    2
  0.37099275  0.00000000   -0.08683038  0.00000000   -0.06184588 -0.01558694
 -0.08683038  0.00000000    0.37099275  0.00000000    0.06184588  0.01558694
 -0.06184588  0.01558694    0.06184588 -0.01558694    0.49453272  0.00000000
    2    3
 -0.05395062 -0.03014524    0.01319488  0.00992998    0.04882286  0.05635848
  0.01319488  0.00992998   -0.05395062 -0.03014524   -0.04882286 -0.05635848
  0.01131076  0.00670436   -0.01131076 -0.00670436   -0.26599067  0.06422622
    2    4
 -0.03593770  0.03331748    0.01414638 -0.01373291    0.01362712 -0.00836089
  0.07504463 -0.07121698   -0.04039759  0.04041047   -0.01019543  0.01206857
  0.05416111 -0.04200086   -0.00880286  0.00875287   -0.05414841  0.03990761
    2    5
 -0.04041047 -0.04039759    0.07121698  0.07504463    0.01206857  0.01019543
  0.01373291  0.01414638   -0.03331748 -0.03593770   -0.00836089 -0.01362712
