Dynamical matrix file
                                                                           
  3    5  0  7.4000000  0.0000000  0.0000000  0.0000000  0.0000000  0.0000000
Basis vectors
      1.045487627    0.000000000    0.000000000
      0.000000000    1.011391364    0.000000000
      0.000000000    0.000000000    1.011391364
           1  'O   '    14573.9934316950     
           2  'Ti  '    43639.9503132932     
           3  'Ba  '    125168.637772025     
    1    3     -0.0243649564      0.0000000000      0.0000000000
    2    2      0.4894494916      0.5056956820      0.5056956820
    3    1      0.0228481744      0.5056956820      0.5056956820
    4    1      0.5349219263      0.0000000000      0.5056956820
    5    1      0.5349219263      0.5056956820      0.0000000000

     Dynamical  Matrix in cartesian axes

     q = (   -0.478245736   0.247184234   0.247184234 ) 

    1    1
  0.15270567  0.00000000    0.00000000 -0.00042770    0.00000000 -0.00042770
  0.00000000  0.00042770    0.11933069  0.00000000    0.00743761  0.00000000
  0.00000000  0.00042770    0.00743761  0.00000000    0.11933069  0.00000000
    1    2
  0.00000000  0.00097497   -0.11425015  0.00000000   -0.11425015  0.00000000
 -0.10217054  0.00000000    0.00000000 -0.00001304    0.00000000  0.00377248
 -0.10217054  0.00000000    0.00000000  0.00377248    0.00000000 -0.00001304
    1    3
  0.00000000  0.04124114    0.00710788 -0.00000000    0.00710788 -0.00000000
  0.02009697 -0.00000000    0.00000000  0.00096080    0.00000000  0.00785829
  0.02009697 -0.00000000    0.00000000  0.00785829    0.00000000  0.00096080
    1    4
  0.00842805 -0.00842805    0.01939311  0.01939311    0.01625235  0.01625235
  0.00598053  0.00598053   -0.00139636  0.00139636    0.00006831 -0.00006831
  0.01673855  0.01673855   -0.00379687  0.00379687    0.00567960 -0.00567960
    1    5
  0.00842805 -0.00842805    0.01625235  0.01625235    0.01939311  0.01939311
  0.01673855  0.01673855    0.00567960 -0.00567960   -0.00379687  0.00379687
  0.00598053  0.00598053    0.00006831 -0.00006831   -0.00139636  0.00139636
    2    1
  0.00000000 -0.00097497   -0.10217054 -0.00000000   -0.10217054 -0.00000000
 -0.11425015 -0.00000000    0.00000000  0.00001304    0.00000000 -0.00377248
 -0.11425015 -0.00000000    0.00000000 -0.00377248    0.00000000  0.00001304
    2    2
  0.64676430  0.00000000    0.00000000 -0.02104698    0.00000000 -0.02104698
  0.00000000  0.02104698    0.33193050  0.00000000    0.05305575  0.00000000
  0.00000000  0.02104698    0.05305575  0.00000000    0.33193050  0.00000000
    2    3
 -0.33418697  0.00000000    0.00000000 -0.00430878    0.00000000 -0.00430878
  0.00000000 -0.08377891   -0.02106001  0.00000000   -0.00064957  0.00000000
  0.00000000 -0.08377891   -0.00064957  0.00000000   -0.02106001  0.00000000
    2    4
 -0.06340085 -0.06340085    0.00688104 -0.00688104   -0.00288318  0.00288318
 -0.00540590  0.00540590   -0.01474254 -0.01474254   -0.00431700 -0.00431700
 -0.00422921  0.00422921   -0.05637843 -0.05637843   -0.03473293 -0.03473293
    2    5
 -0.06340085 -0.06340085   -0.00288318  0.00288318    0.00688104 -0.00688104
 -0.00422921  0.00422921   -0.03473293 -0.03473293   -0.05637843 -0.05637843
 -0.00540590  0.00540590   -0.00431700 -0.00431700   -0.01474254 -0.01474254
    3    1
  0.00000000 -0.04124114    0.02009697  0.00000000    0.02009697  0.00000000
  0.00710788  0.00000000    0.00000000 -0.00096080    0.00000000 -0.00785829
  0.00710788  0.00000000    0.00000000 -0.00785829    0.00000000 -0.00096080
    3    2
 -0.33418697  0.00000000    0.00000000  0.08377891    0.00000000  0.08377891
  0.00000000  0.00430878   -0.02106001  0.00000000   -0.00064957  0.00000000
  0.00000000  0.00430878   -0.00064957  0.00000000   -0.02106001  0.00000000
    3    3
  0.47885730  0.00000000    0.00000000 -0.00077572    0.00000000 -0.00077572
  0.00000000  0.00077572    0.12058338  0.00000000    0.01039816  0.00000000
  0.00000000  0.00077572    0.01039816  0.00000000    0.12058338  0.00000000
    3    4
  0.00752466  0.00752466    0.09433946 -0.09433946    0.00595926 -0.00595926
  0.04766354 -0.04766354   -0.00574028 -0.00574028   -0.00133373 -0.00133373
  0.00508388 -0.00508388    0.00162313  0.00162313    0.00006237  0.00006237
    3    5
  0.00752466  0.00752466    0.00595926 -0.00595926    0.09433946 -0.09433946
  0.00508388 -0.00508388    0.00006237  0.00006237    0.00162313  0.00162313
  0.04766354 -0.04766354   -0.00133373 -0.00133373   -0.00574028 -0.00574028
    4    1
  0.00842805  0.00842805    0.00598053 -0.00598053    0.01673855 -0.01673855
  0.01939311 -0.01939311   -0.00139636 -0.00139636   -0.00379687 -0.00379687
  0.01625235 -0.01625235    0.00006831  0.00006831    0.00567960  0.00567960
    4    2
 -0.06340085  0.06340085   -0.00540590 -0.00540590   -0.00422921 -0.00422921
  0.00688104  0.00688104   -0.01474254  0.01474254   -0.05637843  0.05637843
 -0.00288318 -0.00288318   -0.00431700  0.00431700   -0.03473293  0.03473293
    4    3
  0.00752466 -0.00752466    0.04766354  0.04766354    0.00508388  0.00508388
  0.09433946  0.09433946   -0.00574028  0.00574028    0.00162313 -0.00162313
  0.00595926  0.00595926   -0.00133373  0.00133373    0.00006237 -0.00006237
    4    4
  0.12625762  0.00000000    0.00000000  0.02078289    0.00000000 -0.00132840
  0.00000000 -0.02078289    0.30126563  0.00000000    0.01374028  0.00000000
  0.00000000  0.00132840    0.01374028  0.00000000    0.12622921  0.00000000
    4    5
  0.02176705  0.00000000    0.00000000  0.00029634    0.00000000  0.00784148
  0.00000000 -0.00784148   -0.04058864  0.00000000    0.12299542  0.00000000
  0.00000000 -0.00029634    0.05053828  0.00000000   -0.04058864  0.00000000
    5    1
  0.00842805  0.00842805    0.01673855 -0.01673855    0.00598053 -0.00598053
  0.01625235 -0.01625235    0.00567960  0.00567960    0.00006831  0.00006831
  0.01939311 -0.01939311   -0.00379687 -0.00379687   -0.00139636 -0.00139636
    5    2
 -0.06340085  0.06340085   -0.00422921 -0.00422921   -0.00540590 -0.00540590
 -0.00288318 -0.00288318   -0.03473293  0.03473293   -0.00431700  0.00431700
  0.00688104  0.00688104   -0.05637843  0.05637843   -0.01474254  0.01474254
    5    3
  0.00752466 -0.00752466    0.00508388  0.00508388    0.04766354  0.04766354
  0.00595926  0.00595926    0.00006237 -0.00006237   -0.00133373  0.00133373
  0.09433946  0.09433946    0.00162313 -0.00162313   -0.00574028  0.00574028
    5    4
  0.02176705  0.00000000    0.00000000  0.00784148    0.00000000  0.00029634
  0.00000000 -0.00029634   -0.04058864  0.00000000    0.05053828  0.00000000
  0.00000000 -0.00784148    0.12299542  0.00000000   -0.04058864  0.00000000
    5    5
  0.12625762  0.00000000    0.00000000 -0.00132840    0.00000000  0.02078289
  0.00000000  0.00132840    0.12622921  0.00000000    0.01374028  0.00000000
  0.00000000 -0.02078289    0.01374028  0.00000000    0.30126563  0.00000000

     Dynamical  Matrix in cartesian axes

     q = (   -0.478245736  -0.247184234  -0.247184234 ) 

    1    1
  0.15270567  0.00000000    0.00000000  0.00042770    0.00000000  0.00042770
  0.00000000 -0.00042770    0.11933069  0.00000000    0.00743761  0.00000000
  0.00000000 -0.00042770    0.00743761  0.00000000    0.11933069  0.00000000
    1    2
  0.00000000 -0.00097497   -0.11425015 -0.00000000   -0.11425015 -0.00000000
 -0.10217054 -0.00000000   -0.00000000  0.00001304    0.00000000 -0.00377248
 -0.10217054 -0.00000000    0.00000000 -0.00377248   -0.00000000  0.00001304
    1    3
  0.00000000 -0.04124114    0.00710788  0.00000000    0.00710788  0.00000000
  0.02009697  0.00000000    0.00000000 -0.00096080    0.00000000 -0.00785829
  0.02009697  0.00000000    0.00000000 -0.00785829    0.00000000 -0.00096080
    1    4
  0.00842805  0.00842805    0.01939311 -0.01939311    0.01625235 -0.01625235
  0.00598053 -0.00598053   -0.00139636 -0.00139636    0.00006831  0.00006831
  0.01673855 -0.01673855   -0.00379687 -0.00379687    0.00567960  0.00567960
    1    5
  0.00842805  0.00842805    0.01625235 -0.01625235    0.01939311 -0.01939311
  0.01673855 -0.01673855    0.00567960  0.00567960   -0.00379687 -0.00379687
  0.00598053 -0.00598053    0.00006831  0.00006831   -0.00139636 -0.00139636
    2    1
  0.00000000  0.00097497   -0.10217054  0.00000000   -0.10217054  0.00000000
 -0.11425015  0.00000000   -0.00000000 -0.00001304    0.00000000  0.00377248
 -0.11425015  0.00000000    0.00000000  0.00377248   -0.00000000 -0.00001304
    2    2
  0.64676430  0.00000000    0.00000000  0.02104698    0.00000000  0.02104698
  0.00000000 -0.02104698    0.33193050  0.00000000    0.05305575  0.00000000
  0.00000000 -0.02104698    0.05305575  0.00000000    0.33193050  0.00000000
    2    3
 -0.33418697  0.00000000    0.00000000  0.00430878    0.00000000  0.00430878
  0.00000000  0.08377891   -0.02106001  0.00000000   -0.00064957  0.00000000
  0.00000000  0.08377891   -0.00064957  0.00000000   -0.02106001  0.00000000
    2    4
 -0.06340085  0.06340085    0.00688104  0.00688104   -0.00288318 -0.00288318
 -0.00540590 -0.00540590   -0.01474254  0.01474254   -0.00431700  0.00431700
 -0.00422921 -0.00422921   -0.05637843  0.05637843   -0.03473293  0.03473293
    2    5
 -0.06340085  0.06340085   -0.00288318 -0.00288318    0.00688104  0.00688104
 -0.00422921 -0.00422921   -0.03473293  0.03473293   -0.05637843  0.05637843
 -0.00540590 -0.00540590   -0.00431700  0.00431700   -0.01474254  0.01474254
    3    1
  0.00000000  0.04124114    0.02009697 -0.00000000    0.02009697 -0.00000000
  0.00710788 -0.00000000    0.00000000  0.00096080    0.00000000  0.00785829
  0.00710788 -0.00000000    0.00000000  0.00785829    0.00000000  0.00096080
    3    2
 -0.33418697  0.00000000    0.00000000 -0.08377891    0.00000000 -0.08377891
  0.00000000 -0.00430878   -0.02106001  0.00000000   -0.00064957  0.00000000
  0.00000000 -0.00430878   -0.00064957  0.00000000   -0.02106001  0.00000000
    3    3
  0.47885730  0.00000000    0.00000000  0.00077572    0.00000000  0.00077572
  0.00000000 -0.00077572    0.12058338  0.00000000    0.01039816  0.00000000
  0.00000000 -0.00077572    0.01039816  0.00000000    0.12058338  0.00000000
    3    4
  0.00752466 -0.00752466    0.09433946  0.09433946    0.00595926  0.00595926
  0.04766354  0.04766354   -0.00574028  0.00574028   -0.00133373  0.00133373
  0.00508388  0.00508388    0.00162313 -0.00162313    0.00006237 -0.00006237
    3    5
  0.00752466 -0.00752466    0.00595926  0.00595926    0.09433946  0.09433946
  0.00508388  0.00508388    0.00006237 -0.00006237    0.00162313 -0.00162313
  0.04766354  0.04766354   -0.00133373  0.00133373   -0.00574028  0.00574028
    4    1
  0.00842805 -0.00842805    0.00598053  0.00598053    0.01673855  0.01673855
  0.01939311  0.01939311   -0.00139636  0.00139636   -0.00379687  0.00379687
  0.01625235  0.01625235    0.00006831 -0.00006831    0.00567960 -0.00567960
    4    2
 -0.06340085 -0.06340085   -0.00540590  0.00540590   -0.00422921  0.00422921
  0.00688104 -0.00688104   -0.01474254 -0.01474254   -0.05637843 -0.05637843
 -0.00288318  0.00288318   -0.00431700 -0.00431700   -0.03473293 -0.03473293
    4    3
  0.00752466  0.00752466    0.04766354 -0.04766354    0.00508388 -0.00508388
  0.09433946 -0.09433946   -0.00574028 -0.00574028    0.00162313  0.00162313
  0.00595926 -0.00595926   -0.00133373 -0.00133373    0.00006237  0.00006237
    4    4
  0.12625762  0.00000000    0.00000000 -0.02078289    0.00000000  0.00132840
  0.00000000  0.02078289    0.30126563  0.00000000    0.01374028  0.00000000
  0.00000000 -0.00132840    0.01374028  0.00000000    0.12622921  0.00000000
    4    5
  0.02176705  0.00000000    0.00000000 -0.00029634    0.00000000 -0.00784148
  0.00000000  0.00784148   -0.04058864  0.00000000    0.12299542  0.00000000
  0.00000000  0.00029634    0.05053828  0.00000000   -0.04058864  0.00000000
    5    1
  0.00842805 -0.00842805    0.01673855  0.01673855    0.00598053  0.00598053
  0.01625235  0.01625235    0.00567960 -0.00567960    0.00006831 -0.00006831
  0.01939311  0.01939311   -0.00379687  0.00379687   -0.00139636  0.00139636
    5    2
 -0.06340085 -0.06340085   -0.00422921  0.00422921   -0.00540590  0.00540590
 -0.00288318  0.00288318   -0.03473293 -0.03473293   -0.00431700 -0.00431700
  0.00688104 -0.00688104   -0.05637843 -0.05637843   -0.01474254 -0.01474254
    5    3
  0.00752466  0.00752466    0.00508388 -0.00508388    0.04766354 -0.04766354
  0.00595926 -0.00595926    0.00006237  0.00006237   -0.00133373 -0.00133373
  0.09433946 -0.09433946    0.00162313  0.00162313   -0.00574028 -0.00574028
    5    4
  0.02176705  0.00000000    0.00000000 -0.00784148    0.00000000 -0.00029634
  0.00000000  0.00029634   -0.04058864  0.00000000    0.05053828  0.00000000
  0.00000000  0.00784148    0.12299542  0.00000000   -0.04058864  0.00000000
    5    5
  0.12625762  0.00000000    0.00000000  0.00132840    0.00000000 -0.02078289
  0.00000000 -0.00132840    0.12622921  0.00000000    0.01374028  0.00000000
  0.00000000  0.02078289    0.01374028  0.00000000    0.30126563  0.00000000

     Dynamical  Matrix in cartesian axes

     q = (   -0.478245736   0.247184234  -0.247184234 ) 

    1    1
  0.15270567  0.00000000    0.00000000 -0.00042770    0.00000000  0.00042770
  0.00000000  0.00042770    0.11933069  0.00000000   -0.00743761  0.00000000
  0.00000000 -0.00042770   -0.00743761  0.00000000    0.11933069  0.00000000
    1    2
 -0.00097497  0.00000000   -0.00000000 -0.11425015    0.00000000  0.11425015
 -0.00000000 -0.10217054    0.00001304  0.00000000    0.00377248  0.00000000
  0.00000000  0.10217054    0.00377248  0.00000000    0.00001304  0.00000000
    1    3
 -0.04124114  0.00000000   -0.00000000  0.00710788    0.00000000 -0.00710788
 -0.00000000  0.02009697   -0.00096080 -0.00000000    0.00785829  0.00000000
  0.00000000 -0.02009697    0.00785829  0.00000000   -0.00096080 -0.00000000
    1    4
  0.00842805  0.00842805   -0.01939311  0.01939311    0.01625235 -0.01625235
 -0.00598053  0.00598053   -0.00139636 -0.00139636   -0.00006831 -0.00006831
  0.01673855 -0.01673855    0.00379687  0.00379687    0.00567960  0.00567960
    1    5
  0.00842805 -0.00842805    0.01625235  0.01625235   -0.01939311 -0.01939311
  0.01673855  0.01673855    0.00567960 -0.00567960    0.00379687 -0.00379687
 -0.00598053 -0.00598053   -0.00006831  0.00006831   -0.00139636  0.00139636
    2    1
 -0.00097497 -0.00000000   -0.00000000  0.10217054    0.00000000 -0.10217054
 -0.00000000  0.11425015    0.00001304 -0.00000000    0.00377248 -0.00000000
  0.00000000 -0.11425015    0.00377248 -0.00000000    0.00001304 -0.00000000
    2    2
  0.64676430  0.00000000    0.00000000 -0.02104698    0.00000000  0.02104698
  0.00000000  0.02104698    0.33193050  0.00000000   -0.05305575  0.00000000
  0.00000000 -0.02104698   -0.05305575  0.00000000    0.33193050  0.00000000
    2    3
 -0.33418697  0.00000000    0.00000000 -0.00430878    0.00000000  0.00430878
  0.00000000 -0.08377891   -0.02106001  0.00000000    0.00064957  0.00000000
  0.00000000  0.08377891    0.00064957  0.00000000   -0.02106001  0.00000000
    2    4
 -0.06340085 -0.06340085    0.00688104 -0.00688104    0.00288318 -0.00288318
 -0.00540590  0.00540590   -0.01474254 -0.01474254    0.00431700  0.00431700
  0.00422921 -0.00422921    0.05637843  0.05637843   -0.03473293 -0.03473293
    2    5
 -0.06340085  0.06340085    0.00288318  0.00288318    0.00688104  0.00688104
  0.00422921  0.00422921   -0.03473293  0.03473293    0.05637843 -0.05637843
 -0.00540590 -0.00540590    0.00431700 -0.00431700   -0.01474254  0.01474254
    3    1
 -0.04124114 -0.00000000   -0.00000000 -0.02009697    0.00000000  0.02009697
 -0.00000000 -0.00710788   -0.00096080  0.00000000    0.00785829 -0.00000000
  0.00000000  0.00710788    0.00785829 -0.00000000   -0.00096080  0.00000000
    3    2
 -0.33418697  0.00000000    0.00000000  0.08377891    0.00000000 -0.08377891
  0.00000000  0.00430878   -0.02106001  0.00000000    0.00064957  0.00000000
  0.00000000 -0.00430878    0.00064957  0.00000000   -0.02106001  0.00000000
    3    3
  0.47885730  0.00000000    0.00000000 -0.00077572    0.00000000  0.00077572
  0.00000000  0.00077572    0.12058338  0.00000000   -0.01039816  0.00000000
  0.00000000 -0.00077572   -0.01039816  0.00000000    0.12058338  0.00000000
    3    4
  0.00752466  0.00752466    0.09433946 -0.09433946   -0.00595926  0.00595926
  0.04766354 -0.04766354   -0.00574028 -0.00574028    0.00133373  0.00133373
 -0.00508388  0.00508388   -0.00162313 -0.00162313    0.00006237  0.00006237
    3    5
  0.00752466 -0.00752466   -0.00595926 -0.00595926    0.09433946  0.09433946
 -0.00508388 -0.00508388    0.00006237 -0.00006237   -0.00162313  0.00162313
  0.04766354  0.04766354    0.00133373 -0.00133373   -0.00574028  0.00574028
    4    1
  0.00842805 -0.00842805   -0.00598053 -0.00598053    0.01673855  0.01673855
 -0.01939311 -0.01939311   -0.00139636  0.00139636    0.00379687 -0.00379687
  0.01625235  0.01625235   -0.00006831  0.00006831    0.00567960 -0.00567960
    4    2
 -0.06340085  0.06340085   -0.00540590 -0.00540590    0.00422921  0.00422921
  0.00688104  0.00688104   -0.01474254  0.01474254    0.05637843 -0.05637843
  0.00288318  0.00288318    0.00431700 -0.00431700   -0.03473293  0.03473293
    4    3
  0.00752466 -0.00752466    0.04766354  0.04766354   -0.00508388 -0.00508388
  0.09433946  0.09433946   -0.00574028  0.00574028   -0.00162313  0.00162313
 -0.00595926 -0.00595926    0.00133373 -0.00133373    0.00006237 -0.00006237
    4    4
  0.12625762  0.00000000    0.00000000  0.02078289    0.00000000  0.00132840
  0.00000000 -0.02078289    0.30126563  0.00000000   -0.01374028  0.00000000
  0.00000000 -0.00132840   -0.01374028  0.00000000    0.12622921  0.00000000
    4    5
 -0.00000000 -0.02176705    0.00029634 -0.00000000   -0.00784148  0.00000000
 -0.00784148  0.00000000    0.00000000  0.04058864    0.00000000  0.12299542
  0.00029634 -0.00000000    0.00000000  0.05053828    0.00000000  0.04058864
    5    1
  0.00842805  0.00842805    0.01673855 -0.01673855   -0.00598053  0.00598053
  0.01625235 -0.01625235    0.00567960  0.00567960   -0.00006831 -0.00006831
 -0.01939311  0.01939311    0.00379687  0.00379687   -0.00139636 -0.00139636
    5    2
 -0.06340085 -0.06340085    0.00422921 -0.00422921   -0.00540590  0.00540590
  0.00288318 -0.00288318   -0.03473293 -0.03473293    0.00431700  0.00431700
  0.00688104 -0.00688104    0.05637843  0.05637843   -0.01474254 -0.01474254
    5    3
  0.00752466  0.00752466   -0.00508388  0.00508388    0.04766354 -0.04766354
 -0.00595926  0.00595926    0.00006237  0.00006237    0.00133373  0.00133373
  0.09433946 -0.09433946   -0.00162313 -0.00162313   -0.00574028 -0.00574028
    5    4
 -0.00000000  0.02176705   -0.00784148 -0.00000000    0.00029634  0.00000000
  0.00029634  0.00000000    0.00000000 -0.04058864    0.00000000 -0.05053828
 -0.00784148 -0.00000000    0.00000000 -0.12299542    0.00000000 -0.04058864
    5    5
  0.12625762  0.00000000    0.00000000 -0.00132840    0.00000000 -0.02078289
  0.00000000  0.00132840    0.12622921  0.00000000   -0.01374028  0.00000000
  0.00000000  0.02078289   -0.01374028  0.00000000    0.30126563  0.00000000

     Dynamical  Matrix in cartesian axes

     q = (   -0.478245736  -0.247184234   0.247184234 ) 

    1    1
  0.15270567  0.00000000    0.00000000  0.00042770    0.00000000 -0.00042770
  0.00000000 -0.00042770    0.11933069  0.00000000   -0.00743761  0.00000000
  0.00000000  0.00042770   -0.00743761  0.00000000    0.11933069  0.00000000
    1    2
 -0.00097497  0.00000000    0.00000000  0.11425015   -0.00000000 -0.11425015
  0.00000000  0.10217054    0.00001304  0.00000000    0.00377248  0.00000000
 -0.00000000 -0.10217054    0.00377248  0.00000000    0.00001304  0.00000000
    1    3
 -0.04124114  0.00000000    0.00000000 -0.00710788   -0.00000000  0.00710788
  0.00000000 -0.02009697   -0.00096080 -0.00000000    0.00785829  0.00000000
 -0.00000000  0.02009697    0.00785829  0.00000000   -0.00096080 -0.00000000
    1    4
  0.00842805 -0.00842805   -0.01939311 -0.01939311    0.01625235  0.01625235
 -0.00598053 -0.00598053   -0.00139636  0.00139636   -0.00006831  0.00006831
  0.01673855  0.01673855    0.00379687 -0.00379687    0.00567960 -0.00567960
    1    5
  0.00842805  0.00842805    0.01625235 -0.01625235   -0.01939311  0.01939311
  0.01673855 -0.01673855    0.00567960  0.00567960    0.00379687  0.00379687
 -0.00598053  0.00598053   -0.00006831 -0.00006831   -0.00139636 -0.00139636
    2    1
 -0.00097497 -0.00000000    0.00000000 -0.10217054   -0.00000000  0.10217054
  0.00000000 -0.11425015    0.00001304 -0.00000000    0.00377248 -0.00000000
 -0.00000000  0.11425015    0.00377248 -0.00000000    0.00001304 -0.00000000
    2    2
  0.64676430  0.00000000    0.00000000  0.02104698    0.00000000 -0.02104698
  0.00000000 -0.02104698    0.33193050  0.00000000   -0.05305575  0.00000000
  0.00000000  0.02104698   -0.05305575  0.00000000    0.33193050  0.00000000
    2    3
 -0.33418697  0.00000000    0.00000000  0.00430878    0.00000000 -0.00430878
  0.00000000  0.08377891   -0.02106001  0.00000000    0.00064957  0.00000000
  0.00000000 -0.08377891    0.00064957  0.00000000   -0.02106001  0.00000000
    2    4
 -0.06340085  0.06340085    0.00688104  0.00688104    0.00288318  0.00288318
 -0.00540590 -0.00540590   -0.01474254  0.01474254    0.00431700 -0.00431700
  0.00422921  0.00422921    0.05637843 -0.05637843   -0.03473293  0.03473293
    2    5
 -0.06340085 -0.06340085    0.00288318 -0.00288318    0.00688104 -0.00688104
  0.00422921 -0.00422921   -0.03473293 -0.03473293    0.05637843  0.05637843
 -0.00540590  0.00540590    0.00431700  0.00431700   -0.01474254 -0.01474254
    3    1
 -0.04124114 -0.00000000    0.00000000  0.02009697   -0.00000000 -0.02009697
  0.00000000  0.00710788   -0.00096080  0.00000000    0.00785829 -0.00000000
 -0.00000000 -0.00710788    0.00785829 -0.00000000   -0.00096080  0.00000000
    3    2
 -0.33418697  0.00000000    0.00000000 -0.08377891    0.00000000  0.08377891
  0.00000000 -0.00430878   -0.02106001  0.00000000    0.00064957  0.00000000
  0.00000000  0.00430878    0.00064957  0.00000000   -0.02106001  0.00000000
    3    3
  0.47885730  0.00000000    0.00000000  0.00077572    0.00000000 -0.00077572
  0.00000000 -0.00077572    0.12058338  0.00000000   -0.01039816  0.00000000
  0.00000000  0.00077572   -0.01039816  0.00000000    0.12058338  0.00000000
    3    4
  0.00752466 -0.00752466    0.09433946  0.09433946   -0.00595926 -0.00595926
  0.04766354  0.04766354   -0.00574028  0.00574028    0.00133373 -0.00133373
 -0.00508388 -0.00508388   -0.00162313  0.00162313    0.00006237 -0.00006237
    3    5
  0.00752466  0.00752466   -0.00595926  0.00595926    0.09433946 -0.09433946
 -0.00508388  0.00508388    0.00006237  0.00006237   -0.00162313 -0.00162313
  0.04766354 -0.04766354    0.00133373  0.00133373   -0.00574028 -0.00574028
    4    1
  0.00842805  0.00842805   -0.00598053  0.00598053    0.01673855 -0.01673855
 -0.01939311  0.01939311   -0.00139636 -0.00139636    0.00379687  0.00379687
  0.01625235 -0.01625235   -0.00006831 -0.00006831    0.00567960  0.00567960
    4    2
 -0.06340085 -0.06340085   -0.00540590  0.00540590    0.00422921 -0.00422921
  0.00688104 -0.00688104   -0.01474254 -0.01474254    0.05637843  0.05637843
  0.00288318 -0.00288318    0.00431700  0.00431700   -0.03473293 -0.03473293
    4    3
  0.00752466  0.00752466    0.04766354 -0.04766354   -0.00508388  0.00508388
  0.09433946 -0.09433946   -0.00574028 -0.00574028   -0.00162313 -0.00162313
 -0.00595926  0.00595926    0.00133373  0.00133373    0.00006237  0.00006237
    4    4
  0.12625762  0.00000000    0.00000000 -0.02078289    0.00000000 -0.00132840
  0.00000000  0.02078289    0.30126563  0.00000000   -0.01374028  0.00000000
  0.00000000  0.00132840   -0.01374028  0.00000000    0.12622921  0.00000000
    4    5
 -0.00000000  0.02176705    0.00029634  0.00000000   -0.00784148 -0.00000000
 -0.00784148 -0.00000000    0.00000000 -0.04058864    0.00000000 -0.12299542
  0.00029634  0.00000000    0.00000000 -0.05053828    0.00000000 -0.04058864
    5    1
  0.00842805 -0.00842805    0.01673855  0.01673855   -0.00598053 -0.00598053
  0.01625235  0.01625235    0.00567960 -0.00567960   -0.00006831  0.00006831
 -0.01939311 -0.01939311    0.00379687 -0.00379687   -0.00139636  0.00139636
    5    2
 -0.06340085  0.06340085    0.00422921  0.00422921   -0.00540590 -0.00540590
  0.00288318  0.00288318   -0.03473293  0.03473293    0.00431700 -0.00431700
  0.00688104  0.00688104    0.05637843 -0.05637843   -0.01474254  0.01474254
    5    3
  0.00752466 -0.00752466   -0.00508388 -0.00508388    0.04766354  0.04766354
 -0.00595926 -0.00595926    0.00006237 -0.00006237    0.00133373 -0.00133373
  0.09433946  0.09433946   -0.00162313  0.00162313   -0.00574028  0.00574028
    5    4
 -0.00000000 -0.02176705   -0.00784148  0.00000000    0.00029634 -0.00000000
  0.00029634 -0.00000000    0.00000000  0.04058864    0.00000000  0.05053828
 -0.00784148  0.00000000    0.00000000  0.12299542    0.00000000  0.04058864
    5    5
  0.12625762  0.00000000    0.00000000  0.00132840    0.00000000  0.02078289
  0.00000000 -0.00132840    0.12622921  0.00000000   -0.01374028  0.00000000
  0.00000000 -0.02078289   -0.01374028  0.00000000    0.30126563  0.00000000

     Diagonalizing the dynamical matrix

     q = (   -0.478245736   0.247184234   0.247184234 ) 

 **************************************************************************
     freq (    1) =       2.573267 [THz] =      85.834932 [cm-1]
 (  0.450419  0.450419  0.285575 -0.285575  0.285575 -0.285575 ) 
 (  0.183614 -0.183614  0.155099  0.155099  0.155099  0.155099 ) 
 (  0.134693 -0.134693  0.073403  0.073403  0.073403  0.073403 ) 
 ( -0.000000 -0.140208 -0.040811  0.000000 -0.044151 -0.000000 ) 
 ( -0.000000 -0.140208 -0.044151  0.000000 -0.040811  0.000000 ) 
     freq (    2) =       2.618010 [THz] =      87.327423 [cm-1]
 ( -0.429421 -0.429421  0.335503 -0.335503  0.335503 -0.335503 ) 
 (  0.192875 -0.192875 -0.127502 -0.127502 -0.127502 -0.127502 ) 
 (  0.122008 -0.122008  0.030256  0.030256  0.030256  0.030256 ) 
 (  0.000000 -0.030429 -0.054963  0.000000 -0.009721 -0.000000 ) 
 ( -0.000000 -0.030429 -0.009721 -0.000000 -0.054963  0.000000 ) 
     freq (    3) =       3.050037 [THz] =     101.738274 [cm-1]
 ( -0.000000 -0.000000 -0.482788  0.482788  0.482788 -0.482788 ) 
 (  0.000000 -0.000000  0.017203  0.017203 -0.017203 -0.017203 ) 
 (  0.000000 -0.000000 -0.012275 -0.012275  0.012275  0.012275 ) 
 (  0.000000  0.116947  0.038798 -0.000000 -0.133252  0.000000 ) 
 ( -0.000000 -0.116947  0.133252 -0.000000 -0.038798  0.000000 ) 
     freq (    4) =       5.463021 [THz] =     182.226749 [cm-1]
 (  0.000000 -0.000000 -0.000777  0.000777  0.000777 -0.000777 ) 
 (  0.000000  0.000000 -0.056284 -0.056284  0.056284  0.056284 ) 
 (  0.000000  0.000000 -0.279317 -0.279317  0.279317  0.279317 ) 
 (  0.000000  0.413405 -0.178966 -0.000000  0.367007  0.000000 ) 
 (  0.000000 -0.413405 -0.367007 -0.000000  0.178966  0.000000 ) 
     freq (    5) =       5.492166 [THz] =     183.198927 [cm-1]
 (  0.020304  0.020304  0.040590 -0.040590  0.040590 -0.040590 ) 
 ( -0.212043  0.212043 -0.025484 -0.025484 -0.025484 -0.025484 ) 
 ( -0.175156  0.175156 -0.285273 -0.285273 -0.285273 -0.285273 ) 
 ( -0.000000  0.504951  0.038822  0.000000 -0.010385 -0.000000 ) 
 ( -0.000000  0.504951 -0.010385  0.000000  0.038822  0.000000 ) 
     freq (    6) =       6.397059 [THz] =     213.382920 [cm-1]
 ( -0.000000  0.000000  0.014968 -0.014968 -0.014968  0.014968 ) 
 ( -0.000000 -0.000000  0.057388  0.057388 -0.057388 -0.057388 ) 
 (  0.000000 -0.000000 -0.210374 -0.210374  0.210374  0.210374 ) 
 ( -0.000000  0.304035  0.141834 -0.000000 -0.540274 -0.000000 ) 
 (  0.000000 -0.304035  0.540274  0.000000 -0.141834  0.000000 ) 
     freq (    7) =       7.755429 [THz] =     258.693273 [cm-1]
 (  0.000000  0.000000  0.001568 -0.001568 -0.001568  0.001568 ) 
 ( -0.000000  0.000000  0.385614  0.385614 -0.385614 -0.385614 ) 
 ( -0.000000  0.000000  0.053159  0.053159 -0.053159 -0.053159 ) 
 ( -0.000000  0.081488 -0.412400 -0.000000  0.142239 -0.000000 ) 
 (  0.000000 -0.081488 -0.142239  0.000000  0.412400  0.000000 ) 
     freq (    8) =       8.220511 [THz] =     274.206734 [cm-1]
 (  0.012794  0.012794 -0.030616  0.030616 -0.030616  0.030616 ) 
 (  0.263153 -0.263153 -0.046846 -0.046846 -0.046846 -0.046846 ) 
 (  0.349223 -0.349223 -0.301958 -0.301958 -0.301958 -0.301958 ) 
 ( -0.000000  0.151520 -0.264725 -0.000000 -0.164231  0.000000 ) 
 ( -0.000000  0.151520 -0.164231 -0.000000 -0.264725  0.000000 ) 
     freq (    9) =       8.759015 [THz] =     292.169306 [cm-1]
 ( -0.073208 -0.073208 -0.007625  0.007625 -0.007625  0.007625 ) 
 (  0.061112 -0.061112  0.346961  0.346961  0.346961  0.346961 ) 
 (  0.178957 -0.178957 -0.074798 -0.074798 -0.074798 -0.074798 ) 
 ( -0.000000  0.198098  0.068715 -0.000000  0.403542  0.000000 ) 
 ( -0.000000  0.198098  0.403542 -0.000000  0.068715  0.000000 ) 
     freq (   10) =      11.190956 [THz] =     373.290122 [cm-1]
 ( -0.000000 -0.000000  0.005824 -0.005824 -0.005824  0.005824 ) 
 ( -0.000000  0.000000 -0.022505 -0.022505  0.022505  0.022505 ) 
 (  0.000000 -0.000000  0.357084  0.357084 -0.357084 -0.357084 ) 
 (  0.000000  0.489674  0.064127  0.000000  0.002765  0.000000 ) 
 ( -0.000000 -0.489674 -0.002765 -0.000000 -0.064127  0.000000 ) 
     freq (   11) =      11.735007 [THz] =     391.437710 [cm-1]
 (  0.023502  0.023502  0.001961 -0.001961  0.001961 -0.001961 ) 
 (  0.051345 -0.051345 -0.096206 -0.096206 -0.096206 -0.096206 ) 
 ( -0.096570  0.096570 -0.197507 -0.197507 -0.197507 -0.197507 ) 
 (  0.000000 -0.227675  0.097326  0.000000  0.574143  0.000000 ) 
 (  0.000000 -0.227675  0.574143  0.000000  0.097326  0.000000 ) 
     freq (   12) =      12.704626 [THz] =     423.780700 [cm-1]
 (  0.000000  0.000000  0.000090 -0.000090 -0.000090  0.000090 ) 
 (  0.000000 -0.000000  0.096441  0.096441 -0.096441 -0.096441 ) 
 (  0.000000 -0.000000 -0.055704 -0.055704  0.055704  0.055704 ) 
 ( -0.000000  0.023918  0.628066 -0.000000  0.283113  0.000000 ) 
 ( -0.000000 -0.023918 -0.283113  0.000000 -0.628066  0.000000 ) 
     freq (   13) =      12.705370 [THz] =     423.805520 [cm-1]
 ( -0.022256 -0.022256  0.005504 -0.005504  0.005504 -0.005504 ) 
 ( -0.036790  0.036790  0.082327  0.082327  0.082327  0.082327 ) 
 ( -0.141969  0.141969 -0.281491 -0.281491 -0.281491 -0.281491 ) 
 ( -0.000000 -0.410256  0.197807 -0.000000 -0.313796  0.000000 ) 
 ( -0.000000 -0.410256 -0.313796  0.000000  0.197807  0.000000 ) 
     freq (   14) =      16.726397 [THz] =     557.932558 [cm-1]
 ( -0.006413 -0.006413  0.012496 -0.012496  0.012496 -0.012496 ) 
 ( -0.243545  0.243545  0.022225  0.022225  0.022225  0.022225 ) 
 (  0.225709 -0.225709 -0.050574 -0.050574 -0.050574 -0.050574 ) 
 (  0.000000 -0.248531 -0.560060 -0.000000  0.088594 -0.000000 ) 
 (  0.000000 -0.248531  0.088594  0.000000 -0.560060  0.000000 ) 
     freq (   15) =      22.855060 [THz] =     762.362746 [cm-1]
 (  0.008277  0.008277  0.003939 -0.003939  0.003939 -0.003939 ) 
 ( -0.129711  0.129711 -0.045974 -0.045974 -0.045974 -0.045974 ) 
 (  0.565617 -0.565617 -0.003461 -0.003461 -0.003461 -0.003461 ) 
 (  0.000000 -0.023569  0.397925 -0.000000  0.001412  0.000000 ) 
 (  0.000000 -0.023569  0.001412 -0.000000  0.397925  0.000000 ) 
 **************************************************************************
