Dynamical matrix file
                                                                           
  3    5  1  7.5234337  0.0000000  0.0000000  0.0000000  0.0000000  0.0000000
           1  'O   '    14573.9934316950     
           2  'Ti  '    43639.9503132932     
           3  'Ba  '    125168.637772025     
    1    3      0.0000000000      0.0000000000      0.0000000000
    2    2      0.5000000000      0.5000000000      0.5000000000
    3    1      0.0000000000      0.5000000000      0.5000000000
    4    1      0.5000000000      0.0000000000      0.5000000000
    5    1      0.5000000000      0.5000000000      0.0000000000

     Dynamical  Matrix in cartesian axes

     q = (    0.250000000   0.250000000   0.250000000 ) 

    1    1
  0.13306340  0.00000000    0.01228118  0.00000000    0.01228118  0.00000000
  0.01228118  0.00000000    0.13306340  0.00000000    0.01228118  0.00000000
  0.01228118  0.00000000    0.01228118  0.00000000    0.13306340  0.00000000
    1    2
  0.00106122  0.00106122   -0.06480350 -0.06480350   -0.06480350 -0.06480350
 -0.06480350 -0.06480350    0.00106122  0.00106122   -0.06480350 -0.06480350
 -0.06480350 -0.06480350   -0.06480350 -0.06480350    0.00106122  0.00106122
    1    3
 -0.00000000  0.04163877   -0.00000000  0.00923340   -0.00000000  0.00923340
 -0.00000000  0.02454986   -0.00000000  0.00312394   -0.00000000  0.01887120
 -0.00000000  0.02454986   -0.00000000  0.01887120   -0.00000000  0.00312394
    1    4
 -0.00000000  0.00312394   -0.00000000  0.02454986   -0.00000000  0.01887120
 -0.00000000  0.00923340   -0.00000000  0.04163877   -0.00000000  0.00923340
 -0.00000000  0.01887120   -0.00000000  0.02454986   -0.00000000  0.00312394
    1    5
 -0.00000000  0.00312394   -0.00000000  0.01887120   -0.00000000  0.02454986
 -0.00000000  0.01887120   -0.00000000  0.00312394   -0.00000000  0.02454986
 -0.00000000  0.00923340   -0.00000000  0.00923340   -0.00000000  0.04163877
    2    1
  0.00106122 -0.00106122   -0.06480350  0.06480350   -0.06480350  0.06480350
 -0.06480350  0.06480350    0.00106122 -0.00106122   -0.06480350  0.06480350
 -0.06480350  0.06480350   -0.06480350  0.06480350    0.00106122 -0.00106122
    2    2
  0.34275979  0.00000000    0.08393447  0.00000000    0.08393447  0.00000000
  0.08393447  0.00000000    0.34275979  0.00000000    0.08393447  0.00000000
  0.08393447  0.00000000    0.08393447  0.00000000    0.34275979  0.00000000
    2    3
 -0.02278835 -0.02278835   -0.01413956 -0.01413956   -0.01413956 -0.01413956
 -0.06482783 -0.06482783   -0.04112562 -0.04112562   -0.01213102 -0.01213102
 -0.06482783 -0.06482783   -0.01213102 -0.01213102   -0.04112562 -0.04112562
    2    4
 -0.04112562 -0.04112562   -0.06482783 -0.06482783   -0.01213102 -0.01213102
 -0.01413956 -0.01413956   -0.02278835 -0.02278835   -0.01413956 -0.01413956
 -0.01213102 -0.01213102   -0.06482783 -0.06482783   -0.04112562 -0.04112562
    2    5
 -0.04112562 -0.04112562   -0.01213102 -0.01213102   -0.06482783 -0.06482783
 -0.01213102 -0.01213102   -0.04112562 -0.04112562   -0.06482783 -0.06482783
 -0.01413956 -0.01413956   -0.01413956 -0.01413956   -0.02278835 -0.02278835
    3    1
 -0.00000000 -0.04163877   -0.00000000 -0.02454986   -0.00000000 -0.02454986
 -0.00000000 -0.00923340   -0.00000000 -0.00312394   -0.00000000 -0.01887120
 -0.00000000 -0.00923340   -0.00000000 -0.01887120   -0.00000000 -0.00312394
    3    2
 -0.02278835  0.02278835   -0.06482783  0.06482783   -0.06482783  0.06482783
 -0.01413956  0.01413956   -0.04112562  0.04112562   -0.01213102  0.01213102
 -0.01413956  0.01413956   -0.01213102  0.01213102   -0.04112562  0.04112562
    3    3
  0.32967299  0.00000000    0.02049132  0.00000000    0.02049132  0.00000000
  0.02049132  0.00000000    0.14624017  0.00000000    0.01308451  0.00000000
  0.02049132  0.00000000    0.01308451  0.00000000    0.14624017  0.00000000
    3    4
 -0.03402331  0.00000000    0.12925658  0.00000000    0.01234757  0.00000000
  0.05373723  0.00000000   -0.03402331  0.00000000    0.00664375  0.00000000
  0.00664375  0.00000000    0.01234757  0.00000000    0.01431603  0.00000000
    3    5
 -0.03402331  0.00000000    0.01234757  0.00000000    0.12925658  0.00000000
  0.00664375  0.00000000    0.01431603  0.00000000    0.01234757  0.00000000
  0.05373723  0.00000000    0.00664375  0.00000000   -0.03402331  0.00000000
    4    1
 -0.00000000 -0.00312394   -0.00000000 -0.00923340   -0.00000000 -0.01887120
 -0.00000000 -0.02454986   -0.00000000 -0.04163877   -0.00000000 -0.02454986
 -0.00000000 -0.01887120   -0.00000000 -0.00923340   -0.00000000 -0.00312394
    4    2
 -0.04112562  0.04112562   -0.01413956  0.01413956   -0.01213102  0.01213102
 -0.06482783  0.06482783   -0.02278835  0.02278835   -0.06482783  0.06482783
 -0.01213102  0.01213102   -0.01413956  0.01413956   -0.04112562  0.04112562
    4    3
 -0.03402331  0.00000000    0.05373723  0.00000000    0.00664375  0.00000000
  0.12925658  0.00000000   -0.03402331  0.00000000    0.01234757  0.00000000
  0.01234757  0.00000000    0.00664375  0.00000000    0.01431603  0.00000000
    4    4
  0.14624017  0.00000000    0.02049132  0.00000000    0.01308451  0.00000000
  0.02049132  0.00000000    0.32967299  0.00000000    0.02049132  0.00000000
  0.01308451  0.00000000    0.02049132  0.00000000    0.14624017  0.00000000
    4    5
  0.01431603  0.00000000    0.00664375  0.00000000    0.01234757  0.00000000
  0.01234757  0.00000000   -0.03402331  0.00000000    0.12925658  0.00000000
  0.00664375  0.00000000    0.05373723  0.00000000   -0.03402331  0.00000000
    5    1
 -0.00000000 -0.00312394   -0.00000000 -0.01887120   -0.00000000 -0.00923340
 -0.00000000 -0.01887120   -0.00000000 -0.00312394   -0.00000000 -0.00923340
 -0.00000000 -0.02454986   -0.00000000 -0.02454986   -0.00000000 -0.04163877
    5    2
 -0.04112562  0.04112562   -0.01213102  0.01213102   -0.01413956  0.01413956
 -0.01213102  0.01213102   -0.04112562  0.04112562   -0.01413956  0.01413956
 -0.06482783  0.06482783   -0.06482783  0.06482783   -0.02278835  0.02278835
    5    3
 -0.03402331  0.00000000    0.00664375  0.00000000    0.05373723  0.00000000
  0.01234757  0.00000000    0.01431603  0.00000000    0.00664375  0.00000000
  0.12925658  0.00000000    0.01234757  0.00000000   -0.03402331  0.00000000
    5    4
  0.01431603  0.00000000    0.01234757  0.00000000    0.00664375  0.00000000
  0.00664375  0.00000000   -0.03402331  0.00000000    0.05373723  0.00000000
  0.01234757  0.00000000    0.12925658  0.00000000   -0.03402331  0.00000000
    5    5
  0.14624017  0.00000000    0.01308451  0.00000000    0.02049132  0.00000000
  0.01308451  0.00000000    0.14624017  0.00000000    0.02049132  0.00000000
  0.02049132  0.00000000    0.02049132  0.00000000    0.32967299  0.00000000

     Dynamical  Matrix in cartesian axes

     q = (   -0.250000000  -0.250000000  -0.250000000 ) 

    1    1
  0.13306340  0.00000000    0.01228118  0.00000000    0.01228118  0.00000000
  0.01228118  0.00000000    0.13306340  0.00000000    0.01228118  0.00000000
  0.01228118  0.00000000    0.01228118  0.00000000    0.13306340  0.00000000
    1    2
  0.00106122 -0.00106122   -0.06480350  0.06480350   -0.06480350  0.06480350
 -0.06480350  0.06480350    0.00106122 -0.00106122   -0.06480350  0.06480350
 -0.06480350  0.06480350   -0.06480350  0.06480350    0.00106122 -0.00106122
    1    3
 -0.00000000 -0.04163877   -0.00000000 -0.00923340   -0.00000000 -0.00923340
 -0.00000000 -0.02454986   -0.00000000 -0.00312394   -0.00000000 -0.01887120
 -0.00000000 -0.02454986   -0.00000000 -0.01887120   -0.00000000 -0.00312394
    1    4
 -0.00000000 -0.00312394   -0.00000000 -0.02454986   -0.00000000 -0.01887120
 -0.00000000 -0.00923340   -0.00000000 -0.04163877   -0.00000000 -0.00923340
 -0.00000000 -0.01887120   -0.00000000 -0.02454986   -0.00000000 -0.00312394
    1    5
 -0.00000000 -0.00312394   -0.00000000 -0.01887120   -0.00000000 -0.02454986
 -0.00000000 -0.01887120   -0.00000000 -0.00312394   -0.00000000 -0.02454986
 -0.00000000 -0.00923340   -0.00000000 -0.00923340   -0.00000000 -0.04163877
    2    1
  0.00106122  0.00106122   -0.06480350 -0.06480350   -0.06480350 -0.06480350
 -0.06480350 -0.06480350    0.00106122  0.00106122   -0.06480350 -0.06480350
 -0.06480350 -0.06480350   -0.06480350 -0.06480350    0.00106122  0.00106122
    2    2
  0.34275979  0.00000000    0.08393447  0.00000000    0.08393447  0.00000000
  0.08393447  0.00000000    0.34275979  0.00000000    0.08393447  0.00000000
  0.08393447  0.00000000    0.08393447  0.00000000    0.34275979  0.00000000
    2    3
 -0.02278835  0.02278835   -0.01413956  0.01413956   -0.01413956  0.01413956
 -0.06482783  0.06482783   -0.04112562  0.04112562   -0.01213102  0.01213102
 -0.06482783  0.06482783   -0.01213102  0.01213102   -0.04112562  0.04112562
    2    4
 -0.04112562  0.04112562   -0.06482783  0.06482783   -0.01213102  0.01213102
 -0.01413956  0.01413956   -0.02278835  0.02278835   -0.01413956  0.01413956
 -0.01213102  0.01213102   -0.06482783  0.06482783   -0.04112562  0.04112562
    2    5
 -0.04112562  0.04112562   -0.01213102  0.01213102   -0.06482783  0.06482783
 -0.01213102  0.01213102   -0.04112562  0.04112562   -0.06482783  0.06482783
 -0.01413956  0.01413956   -0.01413956  0.01413956   -0.02278835  0.02278835
    3    1
 -0.00000000  0.04163877   -0.00000000  0.02454986   -0.00000000  0.02454986
 -0.00000000  0.00923340   -0.00000000  0.00312394   -0.00000000  0.01887120
 -0.00000000  0.00923340   -0.00000000  0.01887120   -0.00000000  0.00312394
    3    2
 -0.02278835 -0.02278835   -0.06482783 -0.06482783   -0.06482783 -0.06482783
 -0.01413956 -0.01413956   -0.04112562 -0.04112562   -0.01213102 -0.01213102
 -0.01413956 -0.01413956   -0.01213102 -0.01213102   -0.04112562 -0.04112562
    3    3
  0.32967299  0.00000000    0.02049132  0.00000000    0.02049132  0.00000000
  0.02049132  0.00000000    0.14624017  0.00000000    0.01308451  0.00000000
  0.02049132  0.00000000    0.01308451  0.00000000    0.14624017  0.00000000
    3    4
 -0.03402331  0.00000000    0.12925658  0.00000000    0.01234757  0.00000000
  0.05373723  0.00000000   -0.03402331  0.00000000    0.00664375  0.00000000
  0.00664375  0.00000000    0.01234757  0.00000000    0.01431603  0.00000000
    3    5
 -0.03402331  0.00000000    0.01234757  0.00000000    0.12925658  0.00000000
  0.00664375  0.00000000    0.01431603  0.00000000    0.01234757  0.00000000
  0.05373723  0.00000000    0.00664375  0.00000000   -0.03402331  0.00000000
    4    1
 -0.00000000  0.00312394   -0.00000000  0.00923340   -0.00000000  0.01887120
 -0.00000000  0.02454986   -0.00000000  0.04163877   -0.00000000  0.02454986
 -0.00000000  0.01887120   -0.00000000  0.00923340   -0.00000000  0.00312394
    4    2
 -0.04112562 -0.04112562   -0.01413956 -0.01413956   -0.01213102 -0.01213102
 -0.06482783 -0.06482783   -0.02278835 -0.02278835   -0.06482783 -0.06482783
 -0.01213102 -0.01213102   -0.01413956 -0.01413956   -0.04112562 -0.04112562
    4    3
 -0.03402331  0.00000000    0.05373723  0.00000000    0.00664375  0.00000000
  0.12925658  0.00000000   -0.03402331  0.00000000    0.01234757  0.00000000
  0.01234757  0.00000000    0.00664375  0.00000000    0.01431603  0.00000000
    4    4
  0.14624017  0.00000000    0.02049132  0.00000000    0.01308451  0.00000000
  0.02049132  0.00000000    0.32967299  0.00000000    0.02049132  0.00000000
  0.01308451  0.00000000    0.02049132  0.00000000    0.14624017  0.00000000
    4    5
  0.01431603  0.00000000    0.00664375  0.00000000    0.01234757  0.00000000
  0.01234757  0.00000000   -0.03402331  0.00000000    0.12925658  0.00000000
  0.00664375  0.00000000    0.05373723  0.00000000   -0.03402331  0.00000000
    5    1
 -0.00000000  0.00312394   -0.00000000  0.01887120   -0.00000000  0.00923340
 -0.00000000  0.01887120   -0.00000000  0.00312394   -0.00000000  0.00923340
 -0.00000000  0.02454986   -0.00000000  0.02454986   -0.00000000  0.04163877
    5    2
 -0.04112562 -0.04112562   -0.01213102 -0.01213102   -0.01413956 -0.01413956
 -0.01213102 -0.01213102   -0.04112562 -0.04112562   -0.01413956 -0.01413956
 -0.06482783 -0.06482783   -0.06482783 -0.06482783   -0.02278835 -0.02278835
    5    3
 -0.03402331  0.00000000    0.00664375  0.00000000    0.05373723  0.00000000
  0.01234757  0.00000000    0.01431603  0.00000000    0.00664375  0.00000000
  0.12925658  0.00000000    0.01234757  0.00000000   -0.03402331  0.00000000
    5    4
  0.01431603  0.00000000    0.01234757  0.00000000    0.00664375  0.00000000
  0.00664375  0.00000000   -0.03402331  0.00000000    0.05373723  0.00000000
  0.01234757  0.00000000    0.12925658  0.00000000   -0.03402331  0.00000000
    5    5
  0.14624017  0.00000000    0.01308451  0.00000000    0.02049132  0.00000000
  0.01308451  0.00000000    0.14624017  0.00000000    0.02049132  0.00000000
  0.02049132  0.00000000    0.02049132  0.00000000    0.32967299  0.00000000

     Dynamical  Matrix in cartesian axes

     q = (   -0.250000000   0.250000000   0.250000000 ) 

    1    1
  0.13306340  0.00000000   -0.01228118  0.00000000   -0.01228118  0.00000000
 -0.01228118  0.00000000    0.13306340  0.00000000    0.01228118  0.00000000
 -0.01228118  0.00000000    0.01228118  0.00000000    0.13306340  0.00000000
    1    2
 -0.00106122  0.00106122   -0.06480350  0.06480350   -0.06480350  0.06480350
 -0.06480350  0.06480350   -0.00106122  0.00106122    0.06480350 -0.06480350
 -0.06480350  0.06480350    0.06480350 -0.06480350   -0.00106122  0.00106122
    1    3
 -0.00000000  0.04163877    0.00000000 -0.00923340    0.00000000 -0.00923340
  0.00000000 -0.02454986   -0.00000000  0.00312394   -0.00000000  0.01887120
  0.00000000 -0.02454986   -0.00000000  0.01887120   -0.00000000  0.00312394
    1    4
 -0.00312394  0.00000000    0.02454986  0.00000000    0.01887120 -0.00000000
  0.00923340 -0.00000000   -0.04163877  0.00000000   -0.00923340  0.00000000
  0.01887120 -0.00000000   -0.02454986 -0.00000000   -0.00312394  0.00000000
    1    5
 -0.00312394  0.00000000    0.01887120 -0.00000000    0.02454986  0.00000000
  0.01887120 -0.00000000   -0.00312394  0.00000000   -0.02454986 -0.00000000
  0.00923340 -0.00000000   -0.00923340  0.00000000   -0.04163877  0.00000000
    2    1
 -0.00106122 -0.00106122   -0.06480350 -0.06480350   -0.06480350 -0.06480350
 -0.06480350 -0.06480350   -0.00106122 -0.00106122    0.06480350  0.06480350
 -0.06480350 -0.06480350    0.06480350  0.06480350   -0.00106122 -0.00106122
    2    2
  0.34275979  0.00000000   -0.08393447  0.00000000   -0.08393447  0.00000000
 -0.08393447  0.00000000    0.34275979  0.00000000    0.08393447  0.00000000
 -0.08393447  0.00000000    0.08393447  0.00000000    0.34275979  0.00000000
    2    3
 -0.02278835  0.02278835    0.01413956 -0.01413956    0.01413956 -0.01413956
  0.06482783 -0.06482783   -0.04112562  0.04112562   -0.01213102  0.01213102
  0.06482783 -0.06482783   -0.01213102  0.01213102   -0.04112562  0.04112562
    2    4
 -0.04112562 -0.04112562    0.06482783  0.06482783    0.01213102  0.01213102
  0.01413956  0.01413956   -0.02278835 -0.02278835   -0.01413956 -0.01413956
  0.01213102  0.01213102   -0.06482783 -0.06482783   -0.04112562 -0.04112562
    2    5
 -0.04112562 -0.04112562    0.01213102  0.01213102    0.06482783  0.06482783
  0.01213102  0.01213102   -0.04112562 -0.04112562   -0.06482783 -0.06482783
  0.01413956  0.01413956   -0.01413956 -0.01413956   -0.02278835 -0.02278835
    3    1
 -0.00000000 -0.04163877    0.00000000  0.02454986    0.00000000  0.02454986
  0.00000000  0.00923340   -0.00000000 -0.00312394   -0.00000000 -0.01887120
  0.00000000  0.00923340   -0.00000000 -0.01887120   -0.00000000 -0.00312394
    3    2
 -0.02278835 -0.02278835    0.06482783  0.06482783    0.06482783  0.06482783
  0.01413956  0.01413956   -0.04112562 -0.04112562   -0.01213102 -0.01213102
  0.01413956  0.01413956   -0.01213102 -0.01213102   -0.04112562 -0.04112562
    3    3
  0.32967299  0.00000000   -0.02049132  0.00000000   -0.02049132  0.00000000
 -0.02049132  0.00000000    0.14624017  0.00000000    0.01308451  0.00000000
 -0.02049132  0.00000000    0.01308451  0.00000000    0.14624017  0.00000000
    3    4
 -0.00000000 -0.03402331   -0.00000000 -0.12925658   -0.00000000 -0.01234757
 -0.00000000 -0.05373723   -0.00000000 -0.03402331    0.00000000  0.00664375
 -0.00000000 -0.00664375    0.00000000  0.01234757    0.00000000  0.01431603
    3    5
 -0.00000000 -0.03402331   -0.00000000 -0.01234757   -0.00000000 -0.12925658
 -0.00000000 -0.00664375    0.00000000  0.01431603    0.00000000  0.01234757
 -0.00000000 -0.05373723    0.00000000  0.00664375   -0.00000000 -0.03402331
    4    1
 -0.00312394 -0.00000000    0.00923340  0.00000000    0.01887120  0.00000000
  0.02454986 -0.00000000   -0.04163877 -0.00000000   -0.02454986  0.00000000
  0.01887120  0.00000000   -0.00923340 -0.00000000   -0.00312394 -0.00000000
    4    2
 -0.04112562  0.04112562    0.01413956 -0.01413956    0.01213102 -0.01213102
  0.06482783 -0.06482783   -0.02278835  0.02278835   -0.06482783  0.06482783
  0.01213102 -0.01213102   -0.01413956  0.01413956   -0.04112562  0.04112562
    4    3
 -0.00000000  0.03402331   -0.00000000  0.05373723   -0.00000000  0.00664375
 -0.00000000  0.12925658   -0.00000000  0.03402331    0.00000000 -0.01234757
 -0.00000000  0.01234757    0.00000000 -0.00664375    0.00000000 -0.01431603
    4    4
  0.14624017  0.00000000   -0.02049132  0.00000000   -0.01308451  0.00000000
 -0.02049132  0.00000000    0.32967299  0.00000000    0.02049132  0.00000000
 -0.01308451  0.00000000    0.02049132  0.00000000    0.14624017  0.00000000
    4    5
  0.01431603  0.00000000   -0.00664375  0.00000000   -0.01234757  0.00000000
 -0.01234757  0.00000000   -0.03402331  0.00000000    0.12925658  0.00000000
 -0.00664375  0.00000000    0.05373723  0.00000000   -0.03402331  0.00000000
    5    1
 -0.00312394 -0.00000000    0.01887120  0.00000000    0.00923340  0.00000000
  0.01887120  0.00000000   -0.00312394 -0.00000000   -0.00923340 -0.00000000
  0.02454986 -0.00000000   -0.02454986  0.00000000   -0.04163877 -0.00000000
    5    2
 -0.04112562  0.04112562    0.01213102 -0.01213102    0.01413956 -0.01413956
  0.01213102 -0.01213102   -0.04112562  0.04112562   -0.01413956  0.01413956
  0.06482783 -0.06482783   -0.06482783  0.06482783   -0.02278835  0.02278835
    5    3
 -0.00000000  0.03402331   -0.00000000  0.00664375   -0.00000000  0.05373723
 -0.00000000  0.01234757    0.00000000 -0.01431603    0.00000000 -0.00664375
 -0.00000000  0.12925658    0.00000000 -0.01234757   -0.00000000  0.03402331
    5    4
  0.01431603  0.00000000   -0.01234757  0.00000000   -0.00664375  0.00000000
 -0.00664375  0.00000000   -0.03402331  0.00000000    0.05373723  0.00000000
 -0.01234757  0.00000000    0.12925658  0.00000000   -0.03402331  0.00000000
    5    5
  0.14624017  0.00000000   -0.01308451  0.00000000   -0.02049132  0.00000000
 -0.01308451  0.00000000    0.14624017  0.00000000    0.02049132  0.00000000
 -0.02049132  0.00000000    0.02049132  0.00000000    0.32967299  0.00000000

     Dynamical  Matrix in cartesian axes

     q = (    0.250000000   0.250000000  -0.250000000 ) 

    1    1
  0.13306340  0.00000000    0.01228118  0.00000000   -0.01228118  0.00000000
  0.01228118  0.00000000    0.13306340  0.00000000   -0.01228118  0.00000000
 -0.01228118  0.00000000   -0.01228118  0.00000000    0.13306340  0.00000000
    1    2
 -0.00106122  0.00106122    0.06480350 -0.06480350   -0.06480350  0.06480350
  0.06480350 -0.06480350   -0.00106122  0.00106122   -0.06480350  0.06480350
 -0.06480350  0.06480350   -0.06480350  0.06480350   -0.00106122  0.00106122
    1    3
 -0.04163877  0.00000000   -0.00923340  0.00000000    0.00923340 -0.00000000
 -0.02454986 -0.00000000   -0.00312394  0.00000000    0.01887120 -0.00000000
  0.02454986  0.00000000    0.01887120 -0.00000000   -0.00312394  0.00000000
    1    4
 -0.00312394  0.00000000   -0.02454986 -0.00000000    0.01887120 -0.00000000
 -0.00923340  0.00000000   -0.04163877  0.00000000    0.00923340 -0.00000000
  0.01887120 -0.00000000    0.02454986  0.00000000   -0.00312394  0.00000000
    1    5
 -0.00000000  0.00312394   -0.00000000  0.01887120    0.00000000 -0.02454986
 -0.00000000  0.01887120   -0.00000000  0.00312394    0.00000000 -0.02454986
  0.00000000 -0.00923340    0.00000000 -0.00923340   -0.00000000  0.04163877
    2    1
 -0.00106122 -0.00106122    0.06480350  0.06480350   -0.06480350 -0.06480350
  0.06480350  0.06480350   -0.00106122 -0.00106122   -0.06480350 -0.06480350
 -0.06480350 -0.06480350   -0.06480350 -0.06480350   -0.00106122 -0.00106122
    2    2
  0.34275979  0.00000000    0.08393447  0.00000000   -0.08393447  0.00000000
  0.08393447  0.00000000    0.34275979  0.00000000   -0.08393447  0.00000000
 -0.08393447  0.00000000   -0.08393447  0.00000000    0.34275979  0.00000000
    2    3
 -0.02278835 -0.02278835   -0.01413956 -0.01413956    0.01413956  0.01413956
 -0.06482783 -0.06482783   -0.04112562 -0.04112562    0.01213102  0.01213102
  0.06482783  0.06482783    0.01213102  0.01213102   -0.04112562 -0.04112562
    2    4
 -0.04112562 -0.04112562   -0.06482783 -0.06482783    0.01213102  0.01213102
 -0.01413956 -0.01413956   -0.02278835 -0.02278835    0.01413956  0.01413956
  0.01213102  0.01213102    0.06482783  0.06482783   -0.04112562 -0.04112562
    2    5
 -0.04112562  0.04112562   -0.01213102  0.01213102    0.06482783 -0.06482783
 -0.01213102  0.01213102   -0.04112562  0.04112562    0.06482783 -0.06482783
  0.01413956 -0.01413956    0.01413956 -0.01413956   -0.02278835  0.02278835
    3    1
 -0.04163877 -0.00000000   -0.02454986  0.00000000    0.02454986 -0.00000000
 -0.00923340 -0.00000000   -0.00312394 -0.00000000    0.01887120  0.00000000
  0.00923340  0.00000000    0.01887120  0.00000000   -0.00312394 -0.00000000
    3    2
 -0.02278835  0.02278835   -0.06482783  0.06482783    0.06482783 -0.06482783
 -0.01413956  0.01413956   -0.04112562  0.04112562    0.01213102 -0.01213102
  0.01413956 -0.01413956    0.01213102 -0.01213102   -0.04112562  0.04112562
    3    3
  0.32967299  0.00000000    0.02049132  0.00000000   -0.02049132  0.00000000
  0.02049132  0.00000000    0.14624017  0.00000000   -0.01308451  0.00000000
 -0.02049132  0.00000000   -0.01308451  0.00000000    0.14624017  0.00000000
    3    4
 -0.03402331  0.00000000    0.12925658  0.00000000   -0.01234757  0.00000000
  0.05373723  0.00000000   -0.03402331  0.00000000   -0.00664375  0.00000000
 -0.00664375  0.00000000   -0.01234757  0.00000000    0.01431603  0.00000000
    3    5
 -0.00000000  0.03402331    0.00000000 -0.01234757   -0.00000000  0.12925658
  0.00000000 -0.00664375    0.00000000 -0.01431603   -0.00000000  0.01234757
 -0.00000000  0.05373723   -0.00000000  0.00664375   -0.00000000  0.03402331
    4    1
 -0.00312394 -0.00000000   -0.00923340 -0.00000000    0.01887120  0.00000000
 -0.02454986  0.00000000   -0.04163877 -0.00000000    0.02454986 -0.00000000
  0.01887120  0.00000000    0.00923340  0.00000000   -0.00312394 -0.00000000
    4    2
 -0.04112562  0.04112562   -0.01413956  0.01413956    0.01213102 -0.01213102
 -0.06482783  0.06482783   -0.02278835  0.02278835    0.06482783 -0.06482783
  0.01213102 -0.01213102    0.01413956 -0.01413956   -0.04112562  0.04112562
    4    3
 -0.03402331  0.00000000    0.05373723  0.00000000   -0.00664375  0.00000000
  0.12925658  0.00000000   -0.03402331  0.00000000   -0.01234757  0.00000000
 -0.01234757  0.00000000   -0.00664375  0.00000000    0.01431603  0.00000000
    4    4
  0.14624017  0.00000000    0.02049132  0.00000000   -0.01308451  0.00000000
  0.02049132  0.00000000    0.32967299  0.00000000   -0.02049132  0.00000000
 -0.01308451  0.00000000   -0.02049132  0.00000000    0.14624017  0.00000000
    4    5
  0.00000000 -0.01431603    0.00000000 -0.00664375   -0.00000000  0.01234757
  0.00000000 -0.01234757   -0.00000000  0.03402331   -0.00000000  0.12925658
 -0.00000000  0.00664375   -0.00000000  0.05373723   -0.00000000  0.03402331
    5    1
 -0.00000000 -0.00312394   -0.00000000 -0.01887120    0.00000000  0.00923340
 -0.00000000 -0.01887120   -0.00000000 -0.00312394    0.00000000  0.00923340
  0.00000000  0.02454986    0.00000000  0.02454986   -0.00000000 -0.04163877
    5    2
 -0.04112562 -0.04112562   -0.01213102 -0.01213102    0.01413956  0.01413956
 -0.01213102 -0.01213102   -0.04112562 -0.04112562    0.01413956  0.01413956
  0.06482783  0.06482783    0.06482783  0.06482783   -0.02278835 -0.02278835
    5    3
 -0.00000000 -0.03402331    0.00000000  0.00664375   -0.00000000 -0.05373723
  0.00000000  0.01234757    0.00000000  0.01431603   -0.00000000 -0.00664375
 -0.00000000 -0.12925658   -0.00000000 -0.01234757   -0.00000000 -0.03402331
    5    4
  0.00000000  0.01431603    0.00000000  0.01234757   -0.00000000 -0.00664375
  0.00000000  0.00664375   -0.00000000 -0.03402331   -0.00000000 -0.05373723
 -0.00000000 -0.01234757   -0.00000000 -0.12925658   -0.00000000 -0.03402331
    5    5
  0.14624017  0.00000000    0.01308451  0.00000000   -0.02049132  0.00000000
  0.01308451  0.00000000    0.14624017  0.00000000   -0.02049132  0.00000000
 -0.02049132  0.00000000   -0.02049132  0.00000000    0.32967299  0.00000000

     Dynamical  Matrix in cartesian axes

     q = (    0.250000000  -0.250000000   0.250000000 ) 

    1    1
  0.13306340  0.00000000   -0.01228118  0.00000000    0.01228118  0.00000000
 -0.01228118  0.00000000    0.13306340  0.00000000   -0.01228118  0.00000000
  0.01228118  0.00000000   -0.01228118  0.00000000    0.13306340  0.00000000
    1    2
 -0.00106122  0.00106122   -0.06480350  0.06480350    0.06480350 -0.06480350
 -0.06480350  0.06480350   -0.00106122  0.00106122   -0.06480350  0.06480350
  0.06480350 -0.06480350   -0.06480350  0.06480350   -0.00106122  0.00106122
    1    3
 -0.04163877  0.00000000    0.00923340 -0.00000000   -0.00923340  0.00000000
  0.02454986  0.00000000   -0.00312394  0.00000000    0.01887120 -0.00000000
 -0.02454986 -0.00000000    0.01887120 -0.00000000   -0.00312394  0.00000000
    1    4
 -0.00000000  0.00312394    0.00000000 -0.02454986   -0.00000000  0.01887120
  0.00000000 -0.00923340   -0.00000000  0.04163877    0.00000000 -0.00923340
 -0.00000000  0.01887120    0.00000000 -0.02454986   -0.00000000  0.00312394
    1    5
 -0.00312394  0.00000000    0.01887120 -0.00000000   -0.02454986 -0.00000000
  0.01887120 -0.00000000   -0.00312394  0.00000000    0.02454986  0.00000000
 -0.00923340  0.00000000    0.00923340 -0.00000000   -0.04163877  0.00000000
    2    1
 -0.00106122 -0.00106122   -0.06480350 -0.06480350    0.06480350  0.06480350
 -0.06480350 -0.06480350   -0.00106122 -0.00106122   -0.06480350 -0.06480350
  0.06480350  0.06480350   -0.06480350 -0.06480350   -0.00106122 -0.00106122
    2    2
  0.34275979  0.00000000   -0.08393447  0.00000000    0.08393447  0.00000000
 -0.08393447  0.00000000    0.34275979  0.00000000   -0.08393447  0.00000000
  0.08393447  0.00000000   -0.08393447  0.00000000    0.34275979  0.00000000
    2    3
 -0.02278835 -0.02278835    0.01413956  0.01413956   -0.01413956 -0.01413956
  0.06482783  0.06482783   -0.04112562 -0.04112562    0.01213102  0.01213102
 -0.06482783 -0.06482783    0.01213102  0.01213102   -0.04112562 -0.04112562
    2    4
 -0.04112562  0.04112562    0.06482783 -0.06482783   -0.01213102  0.01213102
  0.01413956 -0.01413956   -0.02278835  0.02278835    0.01413956 -0.01413956
 -0.01213102  0.01213102    0.06482783 -0.06482783   -0.04112562  0.04112562
    2    5
 -0.04112562 -0.04112562    0.01213102  0.01213102   -0.06482783 -0.06482783
  0.01213102  0.01213102   -0.04112562 -0.04112562    0.06482783  0.06482783
 -0.01413956 -0.01413956    0.01413956  0.01413956   -0.02278835 -0.02278835
    3    1
 -0.04163877 -0.00000000    0.02454986 -0.00000000   -0.02454986  0.00000000
  0.00923340  0.00000000   -0.00312394 -0.00000000    0.01887120  0.00000000
 -0.00923340 -0.00000000    0.01887120  0.00000000   -0.00312394 -0.00000000
    3    2
 -0.02278835  0.02278835    0.06482783 -0.06482783   -0.06482783  0.06482783
  0.01413956 -0.01413956   -0.04112562  0.04112562    0.01213102 -0.01213102
 -0.01413956  0.01413956    0.01213102 -0.01213102   -0.04112562  0.04112562
    3    3
  0.32967299  0.00000000   -0.02049132  0.00000000    0.02049132  0.00000000
 -0.02049132  0.00000000    0.14624017  0.00000000   -0.01308451  0.00000000
  0.02049132  0.00000000   -0.01308451  0.00000000    0.14624017  0.00000000
    3    4
 -0.00000000  0.03402331   -0.00000000  0.12925658    0.00000000 -0.01234757
 -0.00000000  0.05373723   -0.00000000  0.03402331   -0.00000000  0.00664375
  0.00000000 -0.00664375   -0.00000000  0.01234757    0.00000000 -0.01431603
    3    5
 -0.03402331  0.00000000   -0.01234757  0.00000000    0.12925658  0.00000000
 -0.00664375  0.00000000    0.01431603  0.00000000   -0.01234757  0.00000000
  0.05373723  0.00000000   -0.00664375  0.00000000   -0.03402331  0.00000000
    4    1
 -0.00000000 -0.00312394    0.00000000  0.00923340   -0.00000000 -0.01887120
  0.00000000  0.02454986   -0.00000000 -0.04163877    0.00000000  0.02454986
 -0.00000000 -0.01887120    0.00000000  0.00923340   -0.00000000 -0.00312394
    4    2
 -0.04112562 -0.04112562    0.01413956  0.01413956   -0.01213102 -0.01213102
  0.06482783  0.06482783   -0.02278835 -0.02278835    0.06482783  0.06482783
 -0.01213102 -0.01213102    0.01413956  0.01413956   -0.04112562 -0.04112562
    4    3
 -0.00000000 -0.03402331   -0.00000000 -0.05373723    0.00000000  0.00664375
 -0.00000000 -0.12925658   -0.00000000 -0.03402331   -0.00000000 -0.01234757
  0.00000000  0.01234757   -0.00000000 -0.00664375    0.00000000  0.01431603
    4    4
  0.14624017  0.00000000   -0.02049132  0.00000000    0.01308451  0.00000000
 -0.02049132  0.00000000    0.32967299  0.00000000   -0.02049132  0.00000000
  0.01308451  0.00000000   -0.02049132  0.00000000    0.14624017  0.00000000
    4    5
  0.00000000  0.01431603   -0.00000000 -0.00664375    0.00000000  0.01234757
 -0.00000000 -0.01234757   -0.00000000 -0.03402331   -0.00000000 -0.12925658
  0.00000000  0.00664375   -0.00000000 -0.05373723   -0.00000000 -0.03402331
    5    1
 -0.00312394 -0.00000000    0.01887120  0.00000000   -0.00923340 -0.00000000
  0.01887120  0.00000000   -0.00312394 -0.00000000    0.00923340  0.00000000
 -0.02454986  0.00000000    0.02454986 -0.00000000   -0.04163877 -0.00000000
    5    2
 -0.04112562  0.04112562    0.01213102 -0.01213102   -0.01413956  0.01413956
  0.01213102 -0.01213102   -0.04112562  0.04112562    0.01413956 -0.01413956
 -0.06482783  0.06482783    0.06482783 -0.06482783   -0.02278835  0.02278835
    5    3
 -0.03402331  0.00000000   -0.00664375  0.00000000    0.05373723  0.00000000
 -0.01234757  0.00000000    0.01431603  0.00000000   -0.00664375  0.00000000
  0.12925658  0.00000000   -0.01234757  0.00000000   -0.03402331  0.00000000
    5    4
  0.00000000 -0.01431603   -0.00000000  0.01234757    0.00000000 -0.00664375
 -0.00000000  0.00664375   -0.00000000  0.03402331   -0.00000000  0.05373723
  0.00000000 -0.01234757   -0.00000000  0.12925658   -0.00000000  0.03402331
    5    5
  0.14624017  0.00000000   -0.01308451  0.00000000    0.02049132  0.00000000
 -0.01308451  0.00000000    0.14624017  0.00000000   -0.02049132  0.00000000
  0.02049132  0.00000000   -0.02049132  0.00000000    0.32967299  0.00000000

     Dynamical  Matrix in cartesian axes

     q = (    0.250000000  -0.250000000  -0.250000000 ) 

    1    1
  0.13306340  0.00000000   -0.01228118  0.00000000   -0.01228118  0.00000000
 -0.01228118  0.00000000    0.13306340  0.00000000    0.01228118  0.00000000
 -0.01228118  0.00000000    0.01228118  0.00000000    0.13306340  0.00000000
    1    2
 -0.00106122 -0.00106122   -0.06480350 -0.06480350   -0.06480350 -0.06480350
 -0.06480350 -0.06480350   -0.00106122 -0.00106122    0.06480350  0.06480350
 -0.06480350 -0.06480350    0.06480350  0.06480350   -0.00106122 -0.00106122
    1    3
 -0.00000000 -0.04163877    0.00000000  0.00923340    0.00000000  0.00923340
  0.00000000  0.02454986   -0.00000000 -0.00312394   -0.00000000 -0.01887120
  0.00000000  0.02454986   -0.00000000 -0.01887120   -0.00000000 -0.00312394
    1    4
 -0.00312394  0.00000000    0.02454986  0.00000000    0.01887120 -0.00000000
  0.00923340 -0.00000000   -0.04163877  0.00000000   -0.00923340  0.00000000
  0.01887120 -0.00000000   -0.02454986 -0.00000000   -0.00312394  0.00000000
    1    5
 -0.00312394  0.00000000    0.01887120 -0.00000000    0.02454986  0.00000000
  0.01887120 -0.00000000   -0.00312394  0.00000000   -0.02454986 -0.00000000
  0.00923340 -0.00000000   -0.00923340  0.00000000   -0.04163877  0.00000000
    2    1
 -0.00106122  0.00106122   -0.06480350  0.06480350   -0.06480350  0.06480350
 -0.06480350  0.06480350   -0.00106122  0.00106122    0.06480350 -0.06480350
 -0.06480350  0.06480350    0.06480350 -0.06480350   -0.00106122  0.00106122
    2    2
  0.34275979  0.00000000   -0.08393447  0.00000000   -0.08393447  0.00000000
 -0.08393447  0.00000000    0.34275979  0.00000000    0.08393447  0.00000000
 -0.08393447  0.00000000    0.08393447  0.00000000    0.34275979  0.00000000
    2    3
 -0.02278835 -0.02278835    0.01413956  0.01413956    0.01413956  0.01413956
  0.06482783  0.06482783   -0.04112562 -0.04112562   -0.01213102 -0.01213102
  0.06482783  0.06482783   -0.01213102 -0.01213102   -0.04112562 -0.04112562
    2    4
 -0.04112562  0.04112562    0.06482783 -0.06482783    0.01213102 -0.01213102
  0.01413956 -0.01413956   -0.02278835  0.02278835   -0.01413956  0.01413956
  0.01213102 -0.01213102   -0.06482783  0.06482783   -0.04112562  0.04112562
    2    5
 -0.04112562  0.04112562    0.01213102 -0.01213102    0.06482783 -0.06482783
  0.01213102 -0.01213102   -0.04112562  0.04112562   -0.06482783  0.06482783
  0.01413956 -0.01413956   -0.01413956  0.01413956   -0.02278835  0.02278835
    3    1
 -0.00000000  0.04163877    0.00000000 -0.02454986    0.00000000 -0.02454986
  0.00000000 -0.00923340   -0.00000000  0.00312394   -0.00000000  0.01887120
  0.00000000 -0.00923340   -0.00000000  0.01887120   -0.00000000  0.00312394
    3    2
 -0.02278835  0.02278835    0.06482783 -0.06482783    0.06482783 -0.06482783
  0.01413956 -0.01413956   -0.04112562  0.04112562   -0.01213102  0.01213102
  0.01413956 -0.01413956   -0.01213102  0.01213102   -0.04112562  0.04112562
    3    3
  0.32967299  0.00000000   -0.02049132  0.00000000   -0.02049132  0.00000000
 -0.02049132  0.00000000    0.14624017  0.00000000    0.01308451  0.00000000
 -0.02049132  0.00000000    0.01308451  0.00000000    0.14624017  0.00000000
    3    4
 -0.00000000  0.03402331   -0.00000000  0.12925658   -0.00000000  0.01234757
 -0.00000000  0.05373723   -0.00000000  0.03402331    0.00000000 -0.00664375
 -0.00000000  0.00664375    0.00000000 -0.01234757    0.00000000 -0.01431603
    3    5
 -0.00000000  0.03402331   -0.00000000  0.01234757   -0.00000000  0.12925658
 -0.00000000  0.00664375    0.00000000 -0.01431603    0.00000000 -0.01234757
 -0.00000000  0.05373723    0.00000000 -0.00664375   -0.00000000  0.03402331
    4    1
 -0.00312394 -0.00000000    0.00923340  0.00000000    0.01887120  0.00000000
  0.02454986 -0.00000000   -0.04163877 -0.00000000   -0.02454986  0.00000000
  0.01887120  0.00000000   -0.00923340 -0.00000000   -0.00312394 -0.00000000
    4    2
 -0.04112562 -0.04112562    0.01413956  0.01413956    0.01213102  0.01213102
  0.06482783  0.06482783   -0.02278835 -0.02278835   -0.06482783 -0.06482783
  0.01213102  0.01213102   -0.01413956 -0.01413956   -0.04112562 -0.04112562
    4    3
 -0.00000000 -0.03402331   -0.00000000 -0.05373723   -0.00000000 -0.00664375
 -0.00000000 -0.12925658   -0.00000000 -0.03402331    0.00000000  0.01234757
 -0.00000000 -0.01234757    0.00000000  0.00664375    0.00000000  0.01431603
    4    4
  0.14624017  0.00000000   -0.02049132  0.00000000   -0.01308451  0.00000000
 -0.02049132  0.00000000    0.32967299  0.00000000    0.02049132  0.00000000
 -0.01308451  0.00000000    0.02049132  0.00000000    0.14624017  0.00000000
    4    5
  0.01431603  0.00000000   -0.00664375  0.00000000   -0.01234757  0.00000000
 -0.01234757  0.00000000   -0.03402331  0.00000000    0.12925658  0.00000000
 -0.00664375  0.00000000    0.05373723  0.00000000   -0.03402331  0.00000000
    5    1
 -0.00312394 -0.00000000    0.01887120  0.00000000    0.00923340  0.00000000
  0.01887120  0.00000000   -0.00312394 -0.00000000   -0.00923340 -0.00000000
  0.02454986 -0.00000000   -0.02454986  0.00000000   -0.04163877 -0.00000000
    5    2
 -0.04112562 -0.04112562    0.01213102  0.01213102    0.01413956  0.01413956
  0.01213102  0.01213102   -0.04112562 -0.04112562   -0.01413956 -0.01413956
  0.06482783  0.06482783   -0.06482783 -0.06482783   -0.02278835 -0.02278835
    5    3
 -0.00000000 -0.03402331   -0.00000000 -0.00664375   -0.00000000 -0.05373723
 -0.00000000 -0.01234757    0.00000000  0.01431603    0.00000000  0.00664375
 -0.00000000 -0.12925658    0.00000000  0.01234757   -0.00000000 -0.03402331
    5    4
  0.01431603  0.00000000   -0.01234757  0.00000000   -0.00664375  0.00000000
 -0.00664375  0.00000000   -0.03402331  0.00000000    0.05373723  0.00000000
 -0.01234757  0.00000000    0.12925658  0.00000000   -0.03402331  0.00000000
    5    5
  0.14624017  0.00000000   -0.01308451  0.00000000   -0.02049132  0.00000000
 -0.01308451  0.00000000    0.14624017  0.00000000    0.02049132  0.00000000
 -0.02049132  0.00000000    0.02049132  0.00000000    0.32967299  0.00000000

     Dynamical  Matrix in cartesian axes

     q = (   -0.250000000  -0.250000000   0.250000000 ) 

    1    1
  0.13306340  0.00000000    0.01228118  0.00000000   -0.01228118  0.00000000
  0.01228118  0.00000000    0.13306340  0.00000000   -0.01228118  0.00000000
 -0.01228118  0.00000000   -0.01228118  0.00000000    0.13306340  0.00000000
    1    2
 -0.00106122 -0.00106122    0.06480350  0.06480350   -0.06480350 -0.06480350
  0.06480350  0.06480350   -0.00106122 -0.00106122   -0.06480350 -0.06480350
 -0.06480350 -0.06480350   -0.06480350 -0.06480350   -0.00106122 -0.00106122
    1    3
 -0.04163877  0.00000000   -0.00923340  0.00000000    0.00923340 -0.00000000
 -0.02454986 -0.00000000   -0.00312394  0.00000000    0.01887120 -0.00000000
  0.02454986  0.00000000    0.01887120 -0.00000000   -0.00312394  0.00000000
    1    4
 -0.00312394  0.00000000   -0.02454986 -0.00000000    0.01887120 -0.00000000
 -0.00923340  0.00000000   -0.04163877  0.00000000    0.00923340 -0.00000000
  0.01887120 -0.00000000    0.02454986  0.00000000   -0.00312394  0.00000000
    1    5
 -0.00000000 -0.00312394   -0.00000000 -0.01887120    0.00000000  0.02454986
 -0.00000000 -0.01887120   -0.00000000 -0.00312394    0.00000000  0.02454986
  0.00000000  0.00923340    0.00000000  0.00923340   -0.00000000 -0.04163877
    2    1
 -0.00106122  0.00106122    0.06480350 -0.06480350   -0.06480350  0.06480350
  0.06480350 -0.06480350   -0.00106122  0.00106122   -0.06480350  0.06480350
 -0.06480350  0.06480350   -0.06480350  0.06480350   -0.00106122  0.00106122
    2    2
  0.34275979  0.00000000    0.08393447  0.00000000   -0.08393447  0.00000000
  0.08393447  0.00000000    0.34275979  0.00000000   -0.08393447  0.00000000
 -0.08393447  0.00000000   -0.08393447  0.00000000    0.34275979  0.00000000
    2    3
 -0.02278835  0.02278835   -0.01413956  0.01413956    0.01413956 -0.01413956
 -0.06482783  0.06482783   -0.04112562  0.04112562    0.01213102 -0.01213102
  0.06482783 -0.06482783    0.01213102 -0.01213102   -0.04112562  0.04112562
    2    4
 -0.04112562  0.04112562   -0.06482783  0.06482783    0.01213102 -0.01213102
 -0.01413956  0.01413956   -0.02278835  0.02278835    0.01413956 -0.01413956
  0.01213102 -0.01213102    0.06482783 -0.06482783   -0.04112562  0.04112562
    2    5
 -0.04112562 -0.04112562   -0.01213102 -0.01213102    0.06482783  0.06482783
 -0.01213102 -0.01213102   -0.04112562 -0.04112562    0.06482783  0.06482783
