Dynamical matrix file
                                                                           
  3    5  6  7.4842961  0.0000000  1.0337122  0.0000000  0.0000000  0.0000000
           1  'O   '    14573.9934316950     
           2  'Ti  '    43639.9503132932     
           3  'Ba  '    125168.637772025     
    1    3      0.0000000000      0.0000000000      0.0240905323
    2    2      0.5000000000      0.5000000000      0.4839367915
    3    1      0.5000000000      0.5000000000      0.0225908340
    4    1      0.0000000000      0.5000000000      0.5288970673
    5    1      0.5000000000      0.0000000000      0.5288970673

     Dynamical  Matrix in cartesian axes

     q = (    0.250000000   0.250000000   0.000000000 ) 

    1    1
  0.15215925  0.00000000    0.02259835  0.00000000    0.00000000 -0.00103510
  0.02259835  0.00000000    0.15215925  0.00000000    0.00000000 -0.00103510
  0.00000000  0.00103510    0.00000000  0.00103510    0.07215192  0.00000000
    1    2
  0.00000000 -0.01052050    0.00000000 -0.13979096   -0.03323511 -0.00000000
  0.00000000 -0.13979096    0.00000000 -0.01052050   -0.03323511 -0.00000000
 -0.01584680 -0.00000000   -0.01584680 -0.00000000   -0.00000000  0.03695519
    1    3
 -0.00000000  0.01277725   -0.00000000  0.02785148    0.01392973  0.00000000
 -0.00000000  0.02785148   -0.00000000  0.01277725    0.01392973  0.00000000
  0.00143071  0.00000000    0.00143071  0.00000000   -0.00000000  0.01308897
    1    4
 -0.04841102  0.04841102   -0.01262379  0.01262379    0.00008353  0.00008353
 -0.03374401  0.03374401   -0.00596477  0.00596477   -0.00234732 -0.00234732
  0.00055638  0.00055638   -0.00106857 -0.00106857    0.00493433 -0.00493433
    1    5
 -0.00596477  0.00596477   -0.03374401  0.03374401   -0.00234732 -0.00234732
 -0.01262379  0.01262379   -0.04841102  0.04841102    0.00008353  0.00008353
 -0.00106857 -0.00106857    0.00055638  0.00055638    0.00493433 -0.00493433
    2    1
  0.00000000  0.01052050    0.00000000  0.13979096   -0.01584680  0.00000000
  0.00000000  0.13979096    0.00000000  0.01052050   -0.01584680  0.00000000
 -0.03323511  0.00000000   -0.03323511  0.00000000   -0.00000000 -0.03695519
    2    2
  0.40943454  0.00000000    0.12290297  0.00000000    0.00000000  0.01453152
  0.12290297  0.00000000    0.40943454  0.00000000    0.00000000  0.01453152
  0.00000000 -0.01453152    0.00000000 -0.01453152    0.28888638  0.00000000
    2    3
 -0.09467529  0.00000000   -0.03134822  0.00000000    0.00000000 -0.01106243
 -0.03134822  0.00000000   -0.09467529  0.00000000    0.00000000 -0.01106243
  0.00000000 -0.00069823    0.00000000 -0.00069823   -0.12705568  0.00000000
    2    4
 -0.06053118 -0.06053118   -0.02759402 -0.02759402    0.00498123 -0.00498123
 -0.09399251 -0.09399251   -0.05020004 -0.05020004    0.00353274 -0.00353274
  0.00398196 -0.00398196    0.00008019 -0.00008019   -0.02260262 -0.02260262
    2    5
 -0.05020004 -0.05020004   -0.09399251 -0.09399251    0.00353274 -0.00353274
 -0.02759402 -0.02759402   -0.06053118 -0.06053118    0.00498123 -0.00498123
  0.00008019 -0.00008019    0.00398196 -0.00398196   -0.02260262 -0.02260262
    3    1
 -0.00000000 -0.01277725   -0.00000000 -0.02785148    0.00143071 -0.00000000
 -0.00000000 -0.02785148   -0.00000000 -0.01277725    0.00143071 -0.00000000
  0.01392973 -0.00000000    0.01392973 -0.00000000   -0.00000000 -0.01308897
    3    2
 -0.09467529  0.00000000   -0.03134822  0.00000000    0.00000000  0.00069823
 -0.03134822  0.00000000   -0.09467529  0.00000000    0.00000000  0.00069823
  0.00000000  0.01106243    0.00000000  0.01106243   -0.12705568  0.00000000
    3    3
  0.13460970  0.00000000    0.01708851  0.00000000    0.00000000 -0.00020949
  0.01708851  0.00000000    0.13460970  0.00000000    0.00000000 -0.00020949
  0.00000000  0.00020949    0.00000000  0.00020949    0.30455257  0.00000000
    3    4
 -0.01981644 -0.01981644    0.00940589  0.00940589    0.00604016 -0.00604016
  0.01783339  0.01783339    0.01500415  0.01500415   -0.00084833  0.00084833
  0.01789119 -0.01789119   -0.00064035  0.00064035   -0.03618094 -0.03618094
    3    5
  0.01500415  0.01500415    0.01783339  0.01783339   -0.00084833  0.00084833
  0.00940589  0.00940589   -0.01981644 -0.01981644    0.00604016 -0.00604016
 -0.00064035  0.00064035    0.01789119 -0.01789119   -0.03618094 -0.03618094
    4    1
 -0.04841102 -0.04841102   -0.03374401 -0.03374401    0.00055638 -0.00055638
 -0.01262379 -0.01262379   -0.00596477 -0.00596477   -0.00106857  0.00106857
  0.00008353 -0.00008353   -0.00234732  0.00234732    0.00493433  0.00493433
    4    2
 -0.06053118  0.06053118   -0.09399251  0.09399251    0.00398196  0.00398196
 -0.02759402  0.02759402   -0.05020004  0.05020004    0.00008019  0.00008019
  0.00498123  0.00498123    0.00353274  0.00353274   -0.02260262  0.02260262
    4    3
 -0.01981644  0.01981644    0.01783339 -0.01783339    0.01789119  0.01789119
  0.00940589 -0.00940589    0.01500415 -0.01500415   -0.00064035 -0.00064035
  0.00604016  0.00604016   -0.00084833 -0.00084833   -0.03618094  0.03618094
    4    4
  0.35211748  0.00000000    0.03232357  0.00000000    0.00000000 -0.01032672
  0.03232357  0.00000000    0.12361873  0.00000000    0.00000000  0.00045251
  0.00000000  0.01032672    0.00000000 -0.00045251    0.10840692  0.00000000
    4    5
 -0.02354121  0.00000000    0.17514174  0.00000000    0.00000000  0.00497931
  0.06536331  0.00000000   -0.02354121  0.00000000    0.00000000  0.00374089
  0.00000000 -0.00374089    0.00000000 -0.00497931    0.00576933  0.00000000
    5    1
 -0.00596477 -0.00596477   -0.01262379 -0.01262379   -0.00106857  0.00106857
 -0.03374401 -0.03374401   -0.04841102 -0.04841102    0.00055638 -0.00055638
 -0.00234732  0.00234732    0.00008353 -0.00008353    0.00493433  0.00493433
    5    2
 -0.05020004  0.05020004   -0.02759402  0.02759402    0.00008019  0.00008019
 -0.09399251  0.09399251   -0.06053118  0.06053118    0.00398196  0.00398196
  0.00353274  0.00353274    0.00498123  0.00498123   -0.02260262  0.02260262
    5    3
  0.01500415 -0.01500415    0.00940589 -0.00940589   -0.00064035 -0.00064035
  0.01783339 -0.01783339   -0.01981644  0.01981644    0.01789119  0.01789119
 -0.00084833 -0.00084833    0.00604016  0.00604016   -0.03618094  0.03618094
    5    4
 -0.02354121  0.00000000    0.06536331  0.00000000    0.00000000  0.00374089
  0.17514174  0.00000000   -0.02354121  0.00000000    0.00000000  0.00497931
  0.00000000 -0.00497931    0.00000000 -0.00374089    0.00576933  0.00000000
    5    5
  0.12361873  0.00000000    0.03232357  0.00000000    0.00000000  0.00045251
  0.03232357  0.00000000    0.35211748  0.00000000    0.00000000 -0.01032672
  0.00000000 -0.00045251    0.00000000  0.01032672    0.10840692  0.00000000

     Dynamical  Matrix in cartesian axes

     q = (   -0.250000000  -0.250000000   0.000000000 ) 

    1    1
  0.15215925  0.00000000    0.02259835  0.00000000    0.00000000  0.00103510
  0.02259835  0.00000000    0.15215925  0.00000000    0.00000000  0.00103510
  0.00000000 -0.00103510    0.00000000 -0.00103510    0.07215192  0.00000000
    1    2
  0.00000000  0.01052050    0.00000000  0.13979096   -0.03323511  0.00000000
  0.00000000  0.13979096    0.00000000  0.01052050   -0.03323511  0.00000000
 -0.01584680  0.00000000   -0.01584680  0.00000000   -0.00000000 -0.03695519
    1    3
 -0.00000000 -0.01277725   -0.00000000 -0.02785148    0.01392973 -0.00000000
 -0.00000000 -0.02785148   -0.00000000 -0.01277725    0.01392973 -0.00000000
  0.00143071 -0.00000000    0.00143071 -0.00000000   -0.00000000 -0.01308897
    1    4
 -0.04841102 -0.04841102   -0.01262379 -0.01262379    0.00008353 -0.00008353
 -0.03374401 -0.03374401   -0.00596477 -0.00596477   -0.00234732  0.00234732
  0.00055638 -0.00055638   -0.00106857  0.00106857    0.00493433  0.00493433
    1    5
 -0.00596477 -0.00596477   -0.03374401 -0.03374401   -0.00234732  0.00234732
 -0.01262379 -0.01262379   -0.04841102 -0.04841102    0.00008353 -0.00008353
 -0.00106857  0.00106857    0.00055638 -0.00055638    0.00493433  0.00493433
    2    1
  0.00000000 -0.01052050    0.00000000 -0.13979096   -0.01584680 -0.00000000
  0.00000000 -0.13979096    0.00000000 -0.01052050   -0.01584680 -0.00000000
 -0.03323511 -0.00000000   -0.03323511 -0.00000000   -0.00000000  0.03695519
    2    2
  0.40943454  0.00000000    0.12290297  0.00000000    0.00000000 -0.01453152
  0.12290297  0.00000000    0.40943454  0.00000000    0.00000000 -0.01453152
  0.00000000  0.01453152    0.00000000  0.01453152    0.28888638  0.00000000
    2    3
 -0.09467529  0.00000000   -0.03134822  0.00000000    0.00000000  0.01106243
 -0.03134822  0.00000000   -0.09467529  0.00000000    0.00000000  0.01106243
  0.00000000  0.00069823    0.00000000  0.00069823   -0.12705568  0.00000000
    2    4
 -0.06053118  0.06053118   -0.02759402  0.02759402    0.00498123  0.00498123
 -0.09399251  0.09399251   -0.05020004  0.05020004    0.00353274  0.00353274
  0.00398196  0.00398196    0.00008019  0.00008019   -0.02260262  0.02260262
    2    5
 -0.05020004  0.05020004   -0.09399251  0.09399251    0.00353274  0.00353274
 -0.02759402  0.02759402   -0.06053118  0.06053118    0.00498123  0.00498123
  0.00008019  0.00008019    0.00398196  0.00398196   -0.02260262  0.02260262
    3    1
 -0.00000000  0.01277725   -0.00000000  0.02785148    0.00143071  0.00000000
 -0.00000000  0.02785148   -0.00000000  0.01277725    0.00143071  0.00000000
  0.01392973  0.00000000    0.01392973  0.00000000   -0.00000000  0.01308897
    3    2
 -0.09467529  0.00000000   -0.03134822  0.00000000    0.00000000 -0.00069823
 -0.03134822  0.00000000   -0.09467529  0.00000000    0.00000000 -0.00069823
  0.00000000 -0.01106243    0.00000000 -0.01106243   -0.12705568  0.00000000
    3    3
  0.13460970  0.00000000    0.01708851  0.00000000    0.00000000  0.00020949
  0.01708851  0.00000000    0.13460970  0.00000000    0.00000000  0.00020949
  0.00000000 -0.00020949    0.00000000 -0.00020949    0.30455257  0.00000000
    3    4
 -0.01981644  0.01981644    0.00940589 -0.00940589    0.00604016  0.00604016
  0.01783339 -0.01783339    0.01500415 -0.01500415   -0.00084833 -0.00084833
  0.01789119  0.01789119   -0.00064035 -0.00064035   -0.03618094  0.03618094
    3    5
  0.01500415 -0.01500415    0.01783339 -0.01783339   -0.00084833 -0.00084833
  0.00940589 -0.00940589   -0.01981644  0.01981644    0.00604016  0.00604016
 -0.00064035 -0.00064035    0.01789119  0.01789119   -0.03618094  0.03618094
    4    1
 -0.04841102  0.04841102   -0.03374401  0.03374401    0.00055638  0.00055638
 -0.01262379  0.01262379   -0.00596477  0.00596477   -0.00106857 -0.00106857
  0.00008353  0.00008353   -0.00234732 -0.00234732    0.00493433 -0.00493433
    4    2
 -0.06053118 -0.06053118   -0.09399251 -0.09399251    0.00398196 -0.00398196
 -0.02759402 -0.02759402   -0.05020004 -0.05020004    0.00008019 -0.00008019
  0.00498123 -0.00498123    0.00353274 -0.00353274   -0.02260262 -0.02260262
    4    3
 -0.01981644 -0.01981644    0.01783339  0.01783339    0.01789119 -0.01789119
  0.00940589  0.00940589    0.01500415  0.01500415   -0.00064035  0.00064035
  0.00604016 -0.00604016   -0.00084833  0.00084833   -0.03618094 -0.03618094
    4    4
  0.35211748  0.00000000    0.03232357  0.00000000    0.00000000  0.01032672
  0.03232357  0.00000000    0.12361873  0.00000000    0.00000000 -0.00045251
  0.00000000 -0.01032672    0.00000000  0.00045251    0.10840692  0.00000000
    4    5
 -0.02354121  0.00000000    0.17514174  0.00000000    0.00000000 -0.00497931
  0.06536331  0.00000000   -0.02354121  0.00000000    0.00000000 -0.00374089
  0.00000000  0.00374089    0.00000000  0.00497931    0.00576933  0.00000000
    5    1
 -0.00596477  0.00596477   -0.01262379  0.01262379   -0.00106857 -0.00106857
 -0.03374401  0.03374401   -0.04841102  0.04841102    0.00055638  0.00055638
 -0.00234732 -0.00234732    0.00008353  0.00008353    0.00493433 -0.00493433
    5    2
 -0.05020004 -0.05020004   -0.02759402 -0.02759402    0.00008019 -0.00008019
 -0.09399251 -0.09399251   -0.06053118 -0.06053118    0.00398196 -0.00398196
  0.00353274 -0.00353274    0.00498123 -0.00498123   -0.02260262 -0.02260262
    5    3
  0.01500415  0.01500415    0.00940589  0.00940589   -0.00064035  0.00064035
  0.01783339  0.01783339   -0.01981644 -0.01981644    0.01789119 -0.01789119
 -0.00084833  0.00084833    0.00604016 -0.00604016   -0.03618094 -0.03618094
    5    4
 -0.02354121  0.00000000    0.06536331  0.00000000    0.00000000 -0.00374089
  0.17514174  0.00000000   -0.02354121  0.00000000    0.00000000 -0.00497931
  0.00000000  0.00497931    0.00000000  0.00374089    0.00576933  0.00000000
    5    5
  0.12361873  0.00000000    0.03232357  0.00000000    0.00000000 -0.00045251
  0.03232357  0.00000000    0.35211748  0.00000000    0.00000000  0.01032672
  0.00000000  0.00045251    0.00000000 -0.01032672    0.10840692  0.00000000

     Dynamical  Matrix in cartesian axes

     q = (    0.250000000  -0.250000000   0.000000000 ) 

    1    1
  0.15215925  0.00000000   -0.02259835  0.00000000    0.00000000 -0.00103510
 -0.02259835  0.00000000    0.15215925  0.00000000    0.00000000  0.00103510
  0.00000000  0.00103510    0.00000000 -0.00103510    0.07215192  0.00000000
    1    2
  0.01052050 -0.00000000   -0.13979096 -0.00000000   -0.00000000 -0.03323511
 -0.13979096 -0.00000000    0.01052050 -0.00000000    0.00000000  0.03323511
 -0.00000000 -0.01584680    0.00000000  0.01584680   -0.03695519 -0.00000000
    1    3
 -0.01277725 -0.00000000    0.02785148 -0.00000000    0.00000000  0.01392973
  0.02785148 -0.00000000   -0.01277725 -0.00000000   -0.00000000 -0.01392973
  0.00000000  0.00143071   -0.00000000 -0.00143071   -0.01308897  0.00000000
    1    4
 -0.04841102 -0.04841102    0.01262379  0.01262379   -0.00008353  0.00008353
  0.03374401  0.03374401   -0.00596477 -0.00596477   -0.00234732  0.00234732
 -0.00055638  0.00055638   -0.00106857  0.00106857    0.00493433  0.00493433
    1    5
 -0.00596477  0.00596477    0.03374401 -0.03374401   -0.00234732 -0.00234732
  0.01262379 -0.01262379   -0.04841102  0.04841102   -0.00008353 -0.00008353
 -0.00106857 -0.00106857   -0.00055638 -0.00055638    0.00493433 -0.00493433
    2    1
  0.01052050  0.00000000   -0.13979096  0.00000000   -0.00000000  0.01584680
 -0.13979096  0.00000000    0.01052050  0.00000000    0.00000000 -0.01584680
 -0.00000000  0.03323511    0.00000000 -0.03323511   -0.03695519  0.00000000
    2    2
  0.40943454  0.00000000   -0.12290297  0.00000000    0.00000000  0.01453152
 -0.12290297  0.00000000    0.40943454  0.00000000    0.00000000 -0.01453152
  0.00000000 -0.01453152    0.00000000  0.01453152    0.28888638  0.00000000
    2    3
 -0.09467529  0.00000000    0.03134822  0.00000000    0.00000000 -0.01106243
  0.03134822  0.00000000   -0.09467529  0.00000000    0.00000000  0.01106243
  0.00000000 -0.00069823    0.00000000  0.00069823   -0.12705568  0.00000000
    2    4
 -0.06053118 -0.06053118    0.02759402  0.02759402    0.00498123 -0.00498123
  0.09399251  0.09399251   -0.05020004 -0.05020004   -0.00353274  0.00353274
  0.00398196 -0.00398196   -0.00008019  0.00008019   -0.02260262 -0.02260262
    2    5
 -0.05020004  0.05020004    0.09399251 -0.09399251   -0.00353274 -0.00353274
  0.02759402 -0.02759402   -0.06053118  0.06053118    0.00498123  0.00498123
 -0.00008019 -0.00008019    0.00398196  0.00398196   -0.02260262  0.02260262
    3    1
 -0.01277725  0.00000000    0.02785148  0.00000000    0.00000000 -0.00143071
  0.02785148  0.00000000   -0.01277725  0.00000000   -0.00000000  0.00143071
  0.00000000 -0.01392973   -0.00000000  0.01392973   -0.01308897 -0.00000000
    3    2
 -0.09467529  0.00000000    0.03134822  0.00000000    0.00000000  0.00069823
  0.03134822  0.00000000   -0.09467529  0.00000000    0.00000000 -0.00069823
  0.00000000  0.01106243    0.00000000 -0.01106243   -0.12705568  0.00000000
    3    3
  0.13460970  0.00000000   -0.01708851  0.00000000    0.00000000 -0.00020949
 -0.01708851  0.00000000    0.13460970  0.00000000    0.00000000  0.00020949
  0.00000000  0.00020949    0.00000000 -0.00020949    0.30455257  0.00000000
    3    4
 -0.01981644 -0.01981644   -0.00940589 -0.00940589    0.00604016 -0.00604016
 -0.01783339 -0.01783339    0.01500415  0.01500415    0.00084833 -0.00084833
  0.01789119 -0.01789119    0.00064035 -0.00064035   -0.03618094 -0.03618094
    3    5
  0.01500415 -0.01500415   -0.01783339  0.01783339    0.00084833  0.00084833
 -0.00940589  0.00940589   -0.01981644  0.01981644    0.00604016  0.00604016
  0.00064035  0.00064035    0.01789119  0.01789119   -0.03618094  0.03618094
    4    1
 -0.04841102  0.04841102    0.03374401 -0.03374401   -0.00055638 -0.00055638
  0.01262379 -0.01262379   -0.00596477  0.00596477   -0.00106857 -0.00106857
 -0.00008353 -0.00008353   -0.00234732 -0.00234732    0.00493433 -0.00493433
    4    2
 -0.06053118  0.06053118    0.09399251 -0.09399251    0.00398196  0.00398196
  0.02759402 -0.02759402   -0.05020004  0.05020004   -0.00008019 -0.00008019
  0.00498123  0.00498123   -0.00353274 -0.00353274   -0.02260262  0.02260262
    4    3
 -0.01981644  0.01981644   -0.01783339  0.01783339    0.01789119  0.01789119
 -0.00940589  0.00940589    0.01500415 -0.01500415    0.00064035  0.00064035
  0.00604016  0.00604016    0.00084833  0.00084833   -0.03618094  0.03618094
    4    4
  0.35211748  0.00000000   -0.03232357  0.00000000    0.00000000 -0.01032672
 -0.03232357  0.00000000    0.12361873  0.00000000    0.00000000 -0.00045251
  0.00000000  0.01032672    0.00000000  0.00045251    0.10840692  0.00000000
    4    5
 -0.00000000  0.02354121   -0.00000000  0.17514174    0.00497931  0.00000000
 -0.00000000  0.06536331   -0.00000000  0.02354121   -0.00374089 -0.00000000
 -0.00374089 -0.00000000    0.00497931  0.00000000    0.00000000 -0.00576933
    5    1
 -0.00596477 -0.00596477    0.01262379  0.01262379   -0.00106857  0.00106857
  0.03374401  0.03374401   -0.04841102 -0.04841102   -0.00055638  0.00055638
 -0.00234732  0.00234732   -0.00008353  0.00008353    0.00493433  0.00493433
    5    2
 -0.05020004 -0.05020004    0.02759402  0.02759402   -0.00008019  0.00008019
  0.09399251  0.09399251   -0.06053118 -0.06053118    0.00398196 -0.00398196
 -0.00353274  0.00353274    0.00498123 -0.00498123   -0.02260262 -0.02260262
    5    3
  0.01500415  0.01500415   -0.00940589 -0.00940589    0.00064035 -0.00064035
 -0.01783339 -0.01783339   -0.01981644 -0.01981644    0.01789119 -0.01789119
  0.00084833 -0.00084833    0.00604016 -0.00604016   -0.03618094 -0.03618094
    5    4
 -0.00000000 -0.02354121   -0.00000000 -0.06536331   -0.00374089  0.00000000
 -0.00000000 -0.17514174   -0.00000000 -0.02354121    0.00497931 -0.00000000
  0.00497931 -0.00000000   -0.00374089  0.00000000    0.00000000  0.00576933
    5    5
  0.12361873  0.00000000   -0.03232357  0.00000000    0.00000000  0.00045251
 -0.03232357  0.00000000    0.35211748  0.00000000    0.00000000  0.01032672
  0.00000000 -0.00045251    0.00000000 -0.01032672    0.10840692  0.00000000

     Dynamical  Matrix in cartesian axes

     q = (   -0.250000000   0.250000000   0.000000000 ) 

    1    1
  0.15215925  0.00000000   -0.02259835  0.00000000    0.00000000  0.00103510
 -0.02259835  0.00000000    0.15215925  0.00000000    0.00000000 -0.00103510
  0.00000000 -0.00103510    0.00000000  0.00103510    0.07215192  0.00000000
    1    2
  0.01052050 -0.00000000   -0.13979096 -0.00000000    0.00000000  0.03323511
 -0.13979096 -0.00000000    0.01052050 -0.00000000   -0.00000000 -0.03323511
  0.00000000  0.01584680   -0.00000000 -0.01584680   -0.03695519 -0.00000000
    1    3
 -0.01277725 -0.00000000    0.02785148 -0.00000000   -0.00000000 -0.01392973
  0.02785148 -0.00000000   -0.01277725 -0.00000000    0.00000000  0.01392973
 -0.00000000 -0.00143071    0.00000000  0.00143071   -0.01308897  0.00000000
    1    4
 -0.04841102  0.04841102    0.01262379 -0.01262379   -0.00008353 -0.00008353
  0.03374401 -0.03374401   -0.00596477  0.00596477   -0.00234732 -0.00234732
 -0.00055638 -0.00055638   -0.00106857 -0.00106857    0.00493433 -0.00493433
    1    5
 -0.00596477 -0.00596477    0.03374401  0.03374401   -0.00234732  0.00234732
  0.01262379  0.01262379   -0.04841102 -0.04841102   -0.00008353  0.00008353
 -0.00106857  0.00106857   -0.00055638  0.00055638    0.00493433  0.00493433
    2    1
  0.01052050  0.00000000   -0.13979096  0.00000000    0.00000000 -0.01584680
 -0.13979096  0.00000000    0.01052050  0.00000000   -0.00000000  0.01584680
  0.00000000 -0.03323511   -0.00000000  0.03323511   -0.03695519  0.00000000
    2    2
  0.40943454  0.00000000   -0.12290297  0.00000000    0.00000000 -0.01453152
 -0.12290297  0.00000000    0.40943454  0.00000000    0.00000000  0.01453152
  0.00000000  0.01453152    0.00000000 -0.01453152    0.28888638  0.00000000
    2    3
 -0.09467529  0.00000000    0.03134822  0.00000000    0.00000000  0.01106243
  0.03134822  0.00000000   -0.09467529  0.00000000    0.00000000 -0.01106243
  0.00000000  0.00069823    0.00000000 -0.00069823   -0.12705568  0.00000000
    2    4
 -0.06053118  0.06053118    0.02759402 -0.02759402    0.00498123  0.00498123
  0.09399251 -0.09399251   -0.05020004  0.05020004   -0.00353274 -0.00353274
  0.00398196  0.00398196   -0.00008019 -0.00008019   -0.02260262  0.02260262
    2    5
 -0.05020004 -0.05020004    0.09399251  0.09399251   -0.00353274  0.00353274
  0.02759402  0.02759402   -0.06053118 -0.06053118    0.00498123 -0.00498123
 -0.00008019  0.00008019    0.00398196 -0.00398196   -0.02260262 -0.02260262
    3    1
 -0.01277725  0.00000000    0.02785148  0.00000000   -0.00000000  0.00143071
  0.02785148  0.00000000   -0.01277725  0.00000000    0.00000000 -0.00143071
 -0.00000000  0.01392973    0.00000000 -0.01392973   -0.01308897 -0.00000000
    3    2
 -0.09467529  0.00000000    0.03134822  0.00000000    0.00000000 -0.00069823
  0.03134822  0.00000000   -0.09467529  0.00000000    0.00000000  0.00069823
  0.00000000 -0.01106243    0.00000000  0.01106243   -0.12705568  0.00000000
    3    3
  0.13460970  0.00000000   -0.01708851  0.00000000    0.00000000  0.00020949
 -0.01708851  0.00000000    0.13460970  0.00000000    0.00000000 -0.00020949
  0.00000000 -0.00020949    0.00000000  0.00020949    0.30455257  0.00000000
    3    4
 -0.01981644  0.01981644   -0.00940589  0.00940589    0.00604016  0.00604016
 -0.01783339  0.01783339    0.01500415 -0.01500415    0.00084833  0.00084833
  0.01789119  0.01789119    0.00064035  0.00064035   -0.03618094  0.03618094
    3    5
  0.01500415  0.01500415   -0.01783339 -0.01783339    0.00084833 -0.00084833
 -0.00940589 -0.00940589   -0.01981644 -0.01981644    0.00604016 -0.00604016
  0.00064035 -0.00064035    0.01789119 -0.01789119   -0.03618094 -0.03618094
    4    1
 -0.04841102 -0.04841102    0.03374401  0.03374401   -0.00055638  0.00055638
  0.01262379  0.01262379   -0.00596477 -0.00596477   -0.00106857  0.00106857
 -0.00008353  0.00008353   -0.00234732  0.00234732    0.00493433  0.00493433
    4    2
 -0.06053118 -0.06053118    0.09399251  0.09399251    0.00398196 -0.00398196
  0.02759402  0.02759402   -0.05020004 -0.05020004   -0.00008019  0.00008019
  0.00498123 -0.00498123   -0.00353274  0.00353274   -0.02260262 -0.02260262
    4    3
 -0.01981644 -0.01981644   -0.01783339 -0.01783339    0.01789119 -0.01789119
 -0.00940589 -0.00940589    0.01500415  0.01500415    0.00064035 -0.00064035
  0.00604016 -0.00604016    0.00084833 -0.00084833   -0.03618094 -0.03618094
    4    4
  0.35211748  0.00000000   -0.03232357  0.00000000    0.00000000  0.01032672
 -0.03232357  0.00000000    0.12361873  0.00000000    0.00000000  0.00045251
  0.00000000 -0.01032672    0.00000000 -0.00045251    0.10840692  0.00000000
    4    5
 -0.00000000 -0.02354121   -0.00000000 -0.17514174    0.00497931 -0.00000000
 -0.00000000 -0.06536331   -0.00000000 -0.02354121   -0.00374089  0.00000000
 -0.00374089  0.00000000    0.00497931 -0.00000000    0.00000000  0.00576933
    5    1
 -0.00596477  0.00596477    0.01262379 -0.01262379   -0.00106857 -0.00106857
  0.03374401 -0.03374401   -0.04841102  0.04841102   -0.00055638 -0.00055638
 -0.00234732 -0.00234732   -0.00008353 -0.00008353    0.00493433 -0.00493433
    5    2
 -0.05020004  0.05020004    0.02759402 -0.02759402   -0.00008019 -0.00008019
  0.09399251 -0.09399251   -0.06053118  0.06053118    0.00398196  0.00398196
 -0.00353274 -0.00353274    0.00498123  0.00498123   -0.02260262  0.02260262
    5    3
  0.01500415 -0.01500415   -0.00940589  0.00940589    0.00064035  0.00064035
 -0.01783339  0.01783339   -0.01981644  0.01981644    0.01789119  0.01789119
  0.00084833  0.00084833    0.00604016  0.00604016   -0.03618094  0.03618094
    5    4
 -0.00000000  0.02354121   -0.00000000  0.06536331   -0.00374089 -0.00000000
 -0.00000000  0.17514174   -0.00000000  0.02354121    0.00497931  0.00000000
  0.00497931  0.00000000   -0.00374089 -0.00000000    0.00000000 -0.00576933
    5    5
  0.12361873  0.00000000   -0.03232357  0.00000000    0.00000000 -0.00045251
 -0.03232357  0.00000000    0.35211748  0.00000000    0.00000000 -0.01032672
  0.00000000  0.00045251    0.00000000  0.01032672    0.10840692  0.00000000

     Diagonalizing the dynamical matrix

     q = (    0.250000000   0.250000000   0.000000000 ) 

 **************************************************************************
     freq (    1) =       2.199192 [THz] =      73.357163 [cm-1]
 ( -0.114438 -0.114438 -0.114438 -0.114438 -0.632004  0.632004 ) 
 ( -0.066200  0.066200 -0.066200  0.066200 -0.196863 -0.196863 ) 
 ( -0.009985  0.009985 -0.009985  0.009985 -0.121774 -0.121774 ) 
 ( -0.000000  0.011591  0.000000  0.038942 -0.100893 -0.000000 ) 
 ( -0.000000  0.038942  0.000000  0.011591 -0.100893  0.000000 ) 
     freq (    2) =       2.309730 [THz] =      77.044295 [cm-1]
 ( -0.417205 -0.417205  0.417205  0.417205 -0.000000 -0.000000 ) 
 (  0.229478 -0.229478 -0.229478  0.229478  0.000000 -0.000000 ) 
 (  0.092478 -0.092478 -0.092478  0.092478  0.000000 -0.000000 ) 
 (  0.000000 -0.074056 -0.000000  0.154725 -0.005607 -0.000000 ) 
 (  0.000000 -0.154725 -0.000000  0.074056  0.005607  0.000000 ) 
     freq (    3) =       3.147211 [THz] =     104.979658 [cm-1]
 ( -0.453734 -0.453734 -0.453734 -0.453734  0.185976 -0.185976 ) 
 ( -0.095801  0.095801 -0.095801  0.095801 -0.121173 -0.121173 ) 
 (  0.049297 -0.049297  0.049297 -0.049297 -0.005843 -0.005843 ) 
 (  0.000000 -0.086211  0.000000  0.006811 -0.090841  0.000000 ) 
 ( -0.000000  0.006811 -0.000000 -0.086211 -0.090841  0.000000 ) 
     freq (    4) =       4.825747 [THz] =     160.969584 [cm-1]
 (  0.028437  0.028437 -0.028437 -0.028437  0.000000  0.000000 ) 
 (  0.046496 -0.046496 -0.046496  0.046496 -0.000000 -0.000000 ) 
 (  0.126765 -0.126765 -0.126765  0.126765 -0.000000 -0.000000 ) 
 (  0.000000 -0.281062 -0.000000  0.615867 -0.060272 -0.000000 ) 
 (  0.000000 -0.615867 -0.000000  0.281062  0.060272  0.000000 ) 
     freq (    5) =       5.387148 [THz] =     179.695929 [cm-1]
 (  0.029618  0.029618  0.029618  0.029618  0.041867 -0.041867 ) 
 (  0.022941 -0.022941  0.022941 -0.022941 -0.345791 -0.345791 ) 
 (  0.038160 -0.038160  0.038160 -0.038160 -0.313643 -0.313643 ) 
 (  0.000000  0.018005 -0.000000  0.006649 -0.523656 -0.000000 ) 
 (  0.000000  0.006649 -0.000000  0.018005 -0.523656  0.000000 ) 
     freq (    6) =       7.085508 [THz] =     236.347091 [cm-1]
 (  0.020310  0.020310  0.020310  0.020310  0.022432 -0.022432 ) 
 ( -0.268245  0.268245 -0.268245  0.268245 -0.075165 -0.075165 ) 
 ( -0.368586  0.368586 -0.368586  0.368586 -0.019160 -0.019160 ) 
 (  0.000000  0.191044  0.000000  0.184732  0.080051 -0.000000 ) 
 (  0.000000  0.184732  0.000000  0.191044  0.080051  0.000000 ) 
     freq (    7) =       7.423277 [THz] =     247.613867 [cm-1]
 ( -0.038264 -0.038264  0.038264  0.038264 -0.000000 -0.000000 ) 
 ( -0.180910  0.180910  0.180910 -0.180910 -0.000000  0.000000 ) 
 ( -0.373300  0.373300  0.373300 -0.373300 -0.000000 -0.000000 ) 
 (  0.000000  0.019484  0.000000  0.299266  0.250938 -0.000000 ) 
 (  0.000000 -0.299266  0.000000 -0.019484 -0.250938  0.000000 ) 
     freq (    8) =       8.340875 [THz] =     278.221630 [cm-1]
 ( -0.034744 -0.034744  0.034744  0.034744  0.000000  0.000000 ) 
 ( -0.198434  0.198434  0.198434 -0.198434 -0.000000 -0.000000 ) 
 (  0.082136 -0.082136 -0.082136  0.082136  0.000000  0.000000 ) 
 (  0.000000 -0.281968 -0.000000 -0.100216 -0.561954  0.000000 ) 
 (  0.000000  0.100216  0.000000  0.281968  0.561954  0.000000 ) 
     freq (    9) =       9.390413 [THz] =     313.230449 [cm-1]
 ( -0.014579 -0.014579  0.014579  0.014579 -0.000000  0.000000 ) 
 ( -0.111921  0.111921  0.111921 -0.111921  0.000000  0.000000 ) 
 (  0.282163 -0.282163 -0.282163  0.282163 -0.000000 -0.000000 ) 
 ( -0.000000 -0.255334  0.000000 -0.123081  0.484712  0.000000 ) 
 (  0.000000  0.123081  0.000000  0.255334 -0.484712  0.000000 ) 
     freq (   10) =       9.934510 [THz] =     331.379569 [cm-1]
 (  0.002639  0.002639  0.002639  0.002639  0.011448 -0.011448 ) 
 (  0.070560 -0.070560  0.070560 -0.070560 -0.277579 -0.277579 ) 
 ( -0.092609  0.092609 -0.092609  0.092609  0.021464  0.021464 ) 
 (  0.000000 -0.035283 -0.000000 -0.309093  0.546306  0.000000 ) 
 ( -0.000000 -0.309093 -0.000000 -0.035283  0.546306  0.000000 ) 
     freq (   11) =      10.264040 [THz] =     342.371525 [cm-1]
 (  0.011560  0.011560  0.011560  0.011560  0.008340 -0.008340 ) 
 ( -0.052544  0.052544 -0.052544  0.052544 -0.107136 -0.107136 ) 
 (  0.309784 -0.309784  0.309784 -0.309784  0.028524  0.028524 ) 
 (  0.000000  0.036107  0.000000  0.475328  0.250355 -0.000000 ) 
 (  0.000000  0.475328  0.000000  0.036107  0.250355  0.000000 ) 
     freq (   12) =      13.378068 [THz] =     446.244302 [cm-1]
 (  0.013098  0.013098 -0.013098 -0.013098  0.000000  0.000000 ) 
 (  0.092790 -0.092790 -0.092790  0.092790  0.000000 -0.000000 ) 
 ( -0.230801  0.230801  0.230801 -0.230801 -0.000000  0.000000 ) 
 ( -0.000000 -0.572569 -0.000000 -0.213948  0.047846 -0.000000 ) 
 (  0.000000  0.213948  0.000000  0.572569 -0.047846  0.000000 ) 
     freq (   13) =      14.073015 [THz] =     469.425252 [cm-1]
 ( -0.011971 -0.011971 -0.011971 -0.011971 -0.002021  0.002021 ) 
 (  0.160918 -0.160918  0.160918 -0.160918 -0.024153 -0.024153 ) 
 ( -0.286514  0.286514 -0.286514  0.286514  0.057205  0.057205 ) 
 (  0.000000 -0.217432 -0.000000  0.482293 -0.000414  0.000000 ) 
 ( -0.000000  0.482293  0.000000 -0.217432 -0.000414  0.000000 ) 
     freq (   14) =      15.911009 [THz] =     530.734140 [cm-1]
 (  0.009092  0.009092  0.009092  0.009092 -0.002073  0.002073 ) 
 ( -0.025420  0.025420 -0.025420  0.025420 -0.104129 -0.104129 ) 
 (  0.020412 -0.020412  0.020412 -0.020412  0.664613  0.664613 ) 
 (  0.000000 -0.076567  0.000000 -0.050280 -0.191730  0.000000 ) 
 (  0.000000 -0.050280 -0.000000 -0.076567 -0.191730  0.000000 ) 
     freq (   15) =      20.768102 [THz] =     692.749301 [cm-1]
 (  0.014798  0.014798  0.014798  0.014798  0.001033 -0.001033 ) 
 ( -0.096932  0.096932 -0.096932  0.096932  0.005794  0.005794 ) 
 (  0.030222 -0.030222  0.030222 -0.030222 -0.102096 -0.102096 ) 
 (  0.000000 -0.681684  0.000000 -0.058390  0.019572 -0.000000 ) 
 (  0.000000 -0.058390  0.000000 -0.681684  0.019572  0.000000 ) 
 **************************************************************************
