Dynamical matrix file
                                                                           
  3    5  1  7.5234337  0.0000000  0.0000000  0.0000000  0.0000000  0.0000000
           1  'O   '    14573.9934316950     
           2  'Ti  '    43639.9503132932     
           3  'Ba  '    125168.637772025     
    1    3      0.0000000000      0.0000000000      0.0000000000
    2    2      0.5000000000      0.5000000000      0.5000000000
    3    1      0.0000000000      0.5000000000      0.5000000000
    4    1      0.5000000000      0.0000000000      0.5000000000
    5    1      0.5000000000      0.5000000000      0.0000000000

     Dynamical  Matrix in cartesian axes

     q = (    0.250000000   0.250000000   0.250000000 ) 

    1    1
  0.13285927  0.00000000    0.01256873  0.00000000    0.01256873  0.00000000
  0.01256873  0.00000000    0.13285927  0.00000000    0.01256873  0.00000000
  0.01256873  0.00000000    0.01256873  0.00000000    0.13285927  0.00000000
    1    2
  0.00002433  0.00002433   -0.06426414 -0.06426414   -0.06426414 -0.06426414
 -0.06426414 -0.06426414    0.00002433  0.00002433   -0.06426414 -0.06426414
 -0.06426414 -0.06426414   -0.06426414 -0.06426414    0.00002433  0.00002433
    1    3
 -0.00000000  0.04244640   -0.00000000  0.01040103   -0.00000000  0.01040103
 -0.00000000  0.02423832   -0.00000000  0.00435844   -0.00000000  0.01651704
 -0.00000000  0.02423832   -0.00000000  0.01651704   -0.00000000  0.00435844
    1    4
 -0.00000000  0.00435844   -0.00000000  0.02423832   -0.00000000  0.01651704
 -0.00000000  0.01040103   -0.00000000  0.04244640   -0.00000000  0.01040103
 -0.00000000  0.01651704   -0.00000000  0.02423832   -0.00000000  0.00435844
    1    5
 -0.00000000  0.00435844   -0.00000000  0.01651704   -0.00000000  0.02423832
 -0.00000000  0.01651704   -0.00000000  0.00435844   -0.00000000  0.02423832
 -0.00000000  0.01040103   -0.00000000  0.01040103   -0.00000000  0.04244640
    2    1
  0.00002433 -0.00002433   -0.06426414  0.06426414   -0.06426414  0.06426414
 -0.06426414  0.06426414    0.00002433 -0.00002433   -0.06426414  0.06426414
 -0.06426414  0.06426414   -0.06426414  0.06426414    0.00002433 -0.00002433
    2    2
  0.31777440  0.00000000    0.09576367  0.00000000    0.09576367  0.00000000
  0.09576367  0.00000000    0.31777440  0.00000000    0.09576367  0.00000000
  0.09576367  0.00000000    0.09576367  0.00000000    0.31777440  0.00000000
    2    3
 -0.02273585 -0.02273585   -0.01782911 -0.01782911   -0.01782911 -0.01782911
 -0.06475086 -0.06475086   -0.04259516 -0.04259516   -0.00714774 -0.00714774
 -0.06475086 -0.06475086   -0.00714774 -0.00714774   -0.04259516 -0.04259516
    2    4
 -0.04259516 -0.04259516   -0.06475086 -0.06475086   -0.00714774 -0.00714774
 -0.01782911 -0.01782911   -0.02273585 -0.02273585   -0.01782911 -0.01782911
 -0.00714774 -0.00714774   -0.06475086 -0.06475086   -0.04259516 -0.04259516
    2    5
 -0.04259516 -0.04259516   -0.00714774 -0.00714774   -0.06475086 -0.06475086
 -0.00714774 -0.00714774   -0.04259516 -0.04259516   -0.06475086 -0.06475086
 -0.01782911 -0.01782911   -0.01782911 -0.01782911   -0.02273585 -0.02273585
    3    1
 -0.00000000 -0.04244640   -0.00000000 -0.02423832   -0.00000000 -0.02423832
 -0.00000000 -0.01040103   -0.00000000 -0.00435844   -0.00000000 -0.01651704
 -0.00000000 -0.01040103   -0.00000000 -0.01651704   -0.00000000 -0.00435844
    3    2
 -0.02273585  0.02273585   -0.06475086  0.06475086   -0.06475086  0.06475086
 -0.01782911  0.01782911   -0.04259516  0.04259516   -0.00714774  0.00714774
 -0.01782911  0.01782911   -0.00714774  0.00714774   -0.04259516  0.04259516
    3    3
  0.31831192  0.00000000    0.02197913  0.00000000    0.02197913  0.00000000
  0.02197913  0.00000000    0.13670124  0.00000000    0.01355574  0.00000000
  0.02197913  0.00000000    0.01355574  0.00000000    0.13670124  0.00000000
    3    4
 -0.03349641  0.00000000    0.12896774  0.00000000    0.01029786  0.00000000
  0.05556796  0.00000000   -0.03349641  0.00000000    0.00535169  0.00000000
  0.00535169  0.00000000    0.01029786  0.00000000    0.01213897  0.00000000
    3    5
 -0.03349641  0.00000000    0.01029786  0.00000000    0.12896774  0.00000000
  0.00535169  0.00000000    0.01213897  0.00000000    0.01029786  0.00000000
  0.05556796  0.00000000    0.00535169  0.00000000   -0.03349641  0.00000000
    4    1
 -0.00000000 -0.00435844   -0.00000000 -0.01040103   -0.00000000 -0.01651704
 -0.00000000 -0.02423832   -0.00000000 -0.04244640   -0.00000000 -0.02423832
 -0.00000000 -0.01651704   -0.00000000 -0.01040103   -0.00000000 -0.00435844
    4    2
 -0.04259516  0.04259516   -0.01782911  0.01782911   -0.00714774  0.00714774
 -0.06475086  0.06475086   -0.02273585  0.02273585   -0.06475086  0.06475086
 -0.00714774  0.00714774   -0.01782911  0.01782911   -0.04259516  0.04259516
    4    3
 -0.03349641  0.00000000    0.05556796  0.00000000    0.00535169  0.00000000
  0.12896774  0.00000000   -0.03349641  0.00000000    0.01029786  0.00000000
  0.01029786  0.00000000    0.00535169  0.00000000    0.01213897  0.00000000
    4    4
  0.13670124  0.00000000    0.02197913  0.00000000    0.01355574  0.00000000
  0.02197913  0.00000000    0.31831192  0.00000000    0.02197913  0.00000000
  0.01355574  0.00000000    0.02197913  0.00000000    0.13670124  0.00000000
    4    5
  0.01213897  0.00000000    0.00535169  0.00000000    0.01029786  0.00000000
  0.01029786  0.00000000   -0.03349641  0.00000000    0.12896774  0.00000000
  0.00535169  0.00000000    0.05556796  0.00000000   -0.03349641  0.00000000
    5    1
 -0.00000000 -0.00435844   -0.00000000 -0.01651704   -0.00000000 -0.01040103
 -0.00000000 -0.01651704   -0.00000000 -0.00435844   -0.00000000 -0.01040103
 -0.00000000 -0.02423832   -0.00000000 -0.02423832   -0.00000000 -0.04244640
    5    2
 -0.04259516  0.04259516   -0.00714774  0.00714774   -0.01782911  0.01782911
 -0.00714774  0.00714774   -0.04259516  0.04259516   -0.01782911  0.01782911
 -0.06475086  0.06475086   -0.06475086  0.06475086   -0.02273585  0.02273585
    5    3
 -0.03349641  0.00000000    0.00535169  0.00000000    0.05556796  0.00000000
  0.01029786  0.00000000    0.01213897  0.00000000    0.00535169  0.00000000
  0.12896774  0.00000000    0.01029786  0.00000000   -0.03349641  0.00000000
    5    4
  0.01213897  0.00000000    0.01029786  0.00000000    0.00535169  0.00000000
  0.00535169  0.00000000   -0.03349641  0.00000000    0.05556796  0.00000000
  0.01029786  0.00000000    0.12896774  0.00000000   -0.03349641  0.00000000
    5    5
  0.13670124  0.00000000    0.01355574  0.00000000    0.02197913  0.00000000
  0.01355574  0.00000000    0.13670124  0.00000000    0.02197913  0.00000000
  0.02197913  0.00000000    0.02197913  0.00000000    0.31831192  0.00000000

     Dynamical  Matrix in cartesian axes

     q = (   -0.250000000  -0.250000000  -0.250000000 ) 

    1    1
  0.13285927  0.00000000    0.01256873  0.00000000    0.01256873  0.00000000
  0.01256873  0.00000000    0.13285927  0.00000000    0.01256873  0.00000000
  0.01256873  0.00000000    0.01256873  0.00000000    0.13285927  0.00000000
    1    2
  0.00002433 -0.00002433   -0.06426414  0.06426414   -0.06426414  0.06426414
 -0.06426414  0.06426414    0.00002433 -0.00002433   -0.06426414  0.06426414
 -0.06426414  0.06426414   -0.06426414  0.06426414    0.00002433 -0.00002433
    1    3
 -0.00000000 -0.04244640   -0.00000000 -0.01040103   -0.00000000 -0.01040103
 -0.00000000 -0.02423832   -0.00000000 -0.00435844   -0.00000000 -0.01651704
 -0.00000000 -0.02423832   -0.00000000 -0.01651704   -0.00000000 -0.00435844
    1    4
 -0.00000000 -0.00435844   -0.00000000 -0.02423832   -0.00000000 -0.01651704
 -0.00000000 -0.01040103   -0.00000000 -0.04244640   -0.00000000 -0.01040103
 -0.00000000 -0.01651704   -0.00000000 -0.02423832   -0.00000000 -0.00435844
    1    5
 -0.00000000 -0.00435844   -0.00000000 -0.01651704   -0.00000000 -0.02423832
 -0.00000000 -0.01651704   -0.00000000 -0.00435844   -0.00000000 -0.02423832
 -0.00000000 -0.01040103   -0.00000000 -0.01040103   -0.00000000 -0.04244640
    2    1
  0.00002433  0.00002433   -0.06426414 -0.06426414   -0.06426414 -0.06426414
 -0.06426414 -0.06426414    0.00002433  0.00002433   -0.06426414 -0.06426414
 -0.06426414 -0.06426414   -0.06426414 -0.06426414    0.00002433  0.00002433
    2    2
  0.31777440  0.00000000    0.09576367  0.00000000    0.09576367  0.00000000
  0.09576367  0.00000000    0.31777440  0.00000000    0.09576367  0.00000000
  0.09576367  0.00000000    0.09576367  0.00000000    0.31777440  0.00000000
    2    3
 -0.02273585  0.02273585   -0.01782911  0.01782911   -0.01782911  0.01782911
 -0.06475086  0.06475086   -0.04259516  0.04259516   -0.00714774  0.00714774
 -0.06475086  0.06475086   -0.00714774  0.00714774   -0.04259516  0.04259516
    2    4
 -0.04259516  0.04259516   -0.06475086  0.06475086   -0.00714774  0.00714774
 -0.01782911  0.01782911   -0.02273585  0.02273585   -0.01782911  0.01782911
 -0.00714774  0.00714774   -0.06475086  0.06475086   -0.04259516  0.04259516
    2    5
 -0.04259516  0.04259516   -0.00714774  0.00714774   -0.06475086  0.06475086
 -0.00714774  0.00714774   -0.04259516  0.04259516   -0.06475086  0.06475086
 -0.01782911  0.01782911   -0.01782911  0.01782911   -0.02273585  0.02273585
    3    1
 -0.00000000  0.04244640   -0.00000000  0.02423832   -0.00000000  0.02423832
 -0.00000000  0.01040103   -0.00000000  0.00435844   -0.00000000  0.01651704
 -0.00000000  0.01040103   -0.00000000  0.01651704   -0.00000000  0.00435844
    3    2
 -0.02273585 -0.02273585   -0.06475086 -0.06475086   -0.06475086 -0.06475086
 -0.01782911 -0.01782911   -0.04259516 -0.04259516   -0.00714774 -0.00714774
 -0.01782911 -0.01782911   -0.00714774 -0.00714774   -0.04259516 -0.04259516
    3    3
  0.31831192  0.00000000    0.02197913  0.00000000    0.02197913  0.00000000
  0.02197913  0.00000000    0.13670124  0.00000000    0.01355574  0.00000000
  0.02197913  0.00000000    0.01355574  0.00000000    0.13670124  0.00000000
    3    4
 -0.03349641  0.00000000    0.12896774  0.00000000    0.01029786  0.00000000
  0.05556796  0.00000000   -0.03349641  0.00000000    0.00535169  0.00000000
  0.00535169  0.00000000    0.01029786  0.00000000    0.01213897  0.00000000
    3    5
 -0.03349641  0.00000000    0.01029786  0.00000000    0.12896774  0.00000000
  0.00535169  0.00000000    0.01213897  0.00000000    0.01029786  0.00000000
  0.05556796  0.00000000    0.00535169  0.00000000   -0.03349641  0.00000000
    4    1
 -0.00000000  0.00435844   -0.00000000  0.01040103   -0.00000000  0.01651704
 -0.00000000  0.02423832   -0.00000000  0.04244640   -0.00000000  0.02423832
 -0.00000000  0.01651704   -0.00000000  0.01040103   -0.00000000  0.00435844
    4    2
 -0.04259516 -0.04259516   -0.01782911 -0.01782911   -0.00714774 -0.00714774
 -0.06475086 -0.06475086   -0.02273585 -0.02273585   -0.06475086 -0.06475086
 -0.00714774 -0.00714774   -0.01782911 -0.01782911   -0.04259516 -0.04259516
    4    3
 -0.03349641  0.00000000    0.05556796  0.00000000    0.00535169  0.00000000
  0.12896774  0.00000000   -0.03349641  0.00000000    0.01029786  0.00000000
  0.01029786  0.00000000    0.00535169  0.00000000    0.01213897  0.00000000
    4    4
  0.13670124  0.00000000    0.02197913  0.00000000    0.01355574  0.00000000
  0.02197913  0.00000000    0.31831192  0.00000000    0.02197913  0.00000000
  0.01355574  0.00000000    0.02197913  0.00000000    0.13670124  0.00000000
    4    5
  0.01213897  0.00000000    0.00535169  0.00000000    0.01029786  0.00000000
  0.01029786  0.00000000   -0.03349641  0.00000000    0.12896774  0.00000000
  0.00535169  0.00000000    0.05556796  0.00000000   -0.03349641  0.00000000
    5    1
 -0.00000000  0.00435844   -0.00000000  0.01651704   -0.00000000  0.01040103
 -0.00000000  0.01651704   -0.00000000  0.00435844   -0.00000000  0.01040103
 -0.00000000  0.02423832   -0.00000000  0.02423832   -0.00000000  0.04244640
    5    2
 -0.04259516 -0.04259516   -0.00714774 -0.00714774   -0.01782911 -0.01782911
 -0.00714774 -0.00714774   -0.04259516 -0.04259516   -0.01782911 -0.01782911
 -0.06475086 -0.06475086   -0.06475086 -0.06475086   -0.02273585 -0.02273585
    5    3
 -0.03349641  0.00000000    0.00535169  0.00000000    0.05556796  0.00000000
  0.01029786  0.00000000    0.01213897  0.00000000    0.00535169  0.00000000
  0.12896774  0.00000000    0.01029786  0.00000000   -0.03349641  0.00000000
    5    4
  0.01213897  0.00000000    0.01029786  0.00000000    0.00535169  0.00000000
  0.00535169  0.00000000   -0.03349641  0.00000000    0.05556796  0.00000000
  0.01029786  0.00000000    0.12896774  0.00000000   -0.03349641  0.00000000
    5    5
  0.13670124  0.00000000    0.01355574  0.00000000    0.02197913  0.00000000
  0.01355574  0.00000000    0.13670124  0.00000000    0.02197913  0.00000000
  0.02197913  0.00000000    0.02197913  0.00000000    0.31831192  0.00000000

     Dynamical  Matrix in cartesian axes

     q = (   -0.250000000   0.250000000   0.250000000 ) 

    1    1
  0.13285927  0.00000000   -0.01256873  0.00000000   -0.01256873  0.00000000
 -0.01256873  0.00000000    0.13285927  0.00000000    0.01256873  0.00000000
 -0.01256873  0.00000000    0.01256873  0.00000000    0.13285927  0.00000000
    1    2
 -0.00002433  0.00002433   -0.06426414  0.06426414   -0.06426414  0.06426414
 -0.06426414  0.06426414   -0.00002433  0.00002433    0.06426414 -0.06426414
 -0.06426414  0.06426414    0.06426414 -0.06426414   -0.00002433  0.00002433
    1    3
 -0.00000000  0.04244640    0.00000000 -0.01040103    0.00000000 -0.01040103
  0.00000000 -0.02423832   -0.00000000  0.00435844   -0.00000000  0.01651704
  0.00000000 -0.02423832   -0.00000000  0.01651704   -0.00000000  0.00435844
    1    4
 -0.00435844 -0.00000000    0.02423832 -0.00000000    0.01651704 -0.00000000
  0.01040103  0.00000000   -0.04244640 -0.00000000   -0.01040103 -0.00000000
  0.01651704 -0.00000000   -0.02423832  0.00000000   -0.00435844 -0.00000000
    1    5
 -0.00435844 -0.00000000    0.01651704 -0.00000000    0.02423832 -0.00000000
  0.01651704 -0.00000000   -0.00435844 -0.00000000   -0.02423832  0.00000000
  0.01040103  0.00000000   -0.01040103 -0.00000000   -0.04244640 -0.00000000
    2    1
 -0.00002433 -0.00002433   -0.06426414 -0.06426414   -0.06426414 -0.06426414
 -0.06426414 -0.06426414   -0.00002433 -0.00002433    0.06426414  0.06426414
 -0.06426414 -0.06426414    0.06426414  0.06426414   -0.00002433 -0.00002433
    2    2
  0.31777440  0.00000000   -0.09576367  0.00000000   -0.09576367  0.00000000
 -0.09576367  0.00000000    0.31777440  0.00000000    0.09576367  0.00000000
 -0.09576367  0.00000000    0.09576367  0.00000000    0.31777440  0.00000000
    2    3
 -0.02273585  0.02273585    0.01782911 -0.01782911    0.01782911 -0.01782911
  0.06475086 -0.06475086   -0.04259516  0.04259516   -0.00714774  0.00714774
  0.06475086 -0.06475086   -0.00714774  0.00714774   -0.04259516  0.04259516
    2    4
 -0.04259516 -0.04259516    0.06475086  0.06475086    0.00714774  0.00714774
  0.01782911  0.01782911   -0.02273585 -0.02273585   -0.01782911 -0.01782911
  0.00714774  0.00714774   -0.06475086 -0.06475086   -0.04259516 -0.04259516
    2    5
 -0.04259516 -0.04259516    0.00714774  0.00714774    0.06475086  0.06475086
  0.00714774  0.00714774   -0.04259516 -0.04259516   -0.06475086 -0.06475086
  0.01782911  0.01782911   -0.01782911 -0.01782911   -0.02273585 -0.02273585
    3    1
 -0.00000000 -0.04244640    0.00000000  0.02423832    0.00000000  0.02423832
  0.00000000  0.01040103   -0.00000000 -0.00435844   -0.00000000 -0.01651704
  0.00000000  0.01040103   -0.00000000 -0.01651704   -0.00000000 -0.00435844
    3    2
 -0.02273585 -0.02273585    0.06475086  0.06475086    0.06475086  0.06475086
  0.01782911  0.01782911   -0.04259516 -0.04259516   -0.00714774 -0.00714774
  0.01782911  0.01782911   -0.00714774 -0.00714774   -0.04259516 -0.04259516
    3    3
  0.31831192  0.00000000   -0.02197913  0.00000000   -0.02197913  0.00000000
 -0.02197913  0.00000000    0.13670124  0.00000000    0.01355574  0.00000000
 -0.02197913  0.00000000    0.01355574  0.00000000    0.13670124  0.00000000
    3    4
 -0.00000000 -0.03349641   -0.00000000 -0.12896774   -0.00000000 -0.01029786
 -0.00000000 -0.05556796   -0.00000000 -0.03349641    0.00000000  0.00535169
 -0.00000000 -0.00535169    0.00000000  0.01029786    0.00000000  0.01213897
    3    5
 -0.00000000 -0.03349641   -0.00000000 -0.01029786   -0.00000000 -0.12896774
 -0.00000000 -0.00535169    0.00000000  0.01213897    0.00000000  0.01029786
 -0.00000000 -0.05556796    0.00000000  0.00535169   -0.00000000 -0.03349641
    4    1
 -0.00435844  0.00000000    0.01040103 -0.00000000    0.01651704  0.00000000
  0.02423832  0.00000000   -0.04244640  0.00000000   -0.02423832 -0.00000000
  0.01651704  0.00000000   -0.01040103  0.00000000   -0.00435844  0.00000000
    4    2
 -0.04259516  0.04259516    0.01782911 -0.01782911    0.00714774 -0.00714774
  0.06475086 -0.06475086   -0.02273585  0.02273585   -0.06475086  0.06475086
  0.00714774 -0.00714774   -0.01782911  0.01782911   -0.04259516  0.04259516
    4    3
 -0.00000000  0.03349641   -0.00000000  0.05556796   -0.00000000  0.00535169
 -0.00000000  0.12896774   -0.00000000  0.03349641    0.00000000 -0.01029786
 -0.00000000  0.01029786    0.00000000 -0.00535169    0.00000000 -0.01213897
    4    4
  0.13670124  0.00000000   -0.02197913  0.00000000   -0.01355574  0.00000000
 -0.02197913  0.00000000    0.31831192  0.00000000    0.02197913  0.00000000
 -0.01355574  0.00000000    0.02197913  0.00000000    0.13670124  0.00000000
    4    5
  0.01213897  0.00000000   -0.00535169  0.00000000   -0.01029786  0.00000000
 -0.01029786  0.00000000   -0.03349641  0.00000000    0.12896774  0.00000000
 -0.00535169  0.00000000    0.05556796  0.00000000   -0.03349641  0.00000000
    5    1
 -0.00435844  0.00000000    0.01651704  0.00000000    0.01040103 -0.00000000
  0.01651704  0.00000000   -0.00435844  0.00000000   -0.01040103  0.00000000
  0.02423832  0.00000000   -0.02423832 -0.00000000   -0.04244640  0.00000000
    5    2
 -0.04259516  0.04259516    0.00714774 -0.00714774    0.01782911 -0.01782911
  0.00714774 -0.00714774   -0.04259516  0.04259516   -0.01782911  0.01782911
  0.06475086 -0.06475086   -0.06475086  0.06475086   -0.02273585  0.02273585
    5    3
 -0.00000000  0.03349641   -0.00000000  0.00535169   -0.00000000  0.05556796
 -0.00000000  0.01029786    0.00000000 -0.01213897    0.00000000 -0.00535169
 -0.00000000  0.12896774    0.00000000 -0.01029786   -0.00000000  0.03349641
    5    4
  0.01213897  0.00000000   -0.01029786  0.00000000   -0.00535169  0.00000000
 -0.00535169  0.00000000   -0.03349641  0.00000000    0.05556796  0.00000000
 -0.01029786  0.00000000    0.12896774  0.00000000   -0.03349641  0.00000000
    5    5
  0.13670124  0.00000000   -0.01355574  0.00000000   -0.02197913  0.00000000
 -0.01355574  0.00000000    0.13670124  0.00000000    0.02197913  0.00000000
 -0.02197913  0.00000000    0.02197913  0.00000000    0.31831192  0.00000000

     Dynamical  Matrix in cartesian axes

     q = (    0.250000000   0.250000000  -0.250000000 ) 

    1    1
  0.13285927  0.00000000    0.01256873  0.00000000   -0.01256873  0.00000000
  0.01256873  0.00000000    0.13285927  0.00000000   -0.01256873  0.00000000
 -0.01256873  0.00000000   -0.01256873  0.00000000    0.13285927  0.00000000
    1    2
 -0.00002433  0.00002433    0.06426414 -0.06426414   -0.06426414  0.06426414
  0.06426414 -0.06426414   -0.00002433  0.00002433   -0.06426414  0.06426414
 -0.06426414  0.06426414   -0.06426414  0.06426414   -0.00002433  0.00002433
    1    3
 -0.04244640 -0.00000000   -0.01040103 -0.00000000    0.01040103  0.00000000
 -0.02423832  0.00000000   -0.00435844 -0.00000000    0.01651704 -0.00000000
  0.02423832 -0.00000000    0.01651704 -0.00000000   -0.00435844 -0.00000000
    1    4
 -0.00435844 -0.00000000   -0.02423832  0.00000000    0.01651704 -0.00000000
 -0.01040103 -0.00000000   -0.04244640 -0.00000000    0.01040103  0.00000000
  0.01651704 -0.00000000    0.02423832 -0.00000000   -0.00435844 -0.00000000
    1    5
 -0.00000000  0.00435844   -0.00000000  0.01651704    0.00000000 -0.02423832
 -0.00000000  0.01651704   -0.00000000  0.00435844    0.00000000 -0.02423832
  0.00000000 -0.01040103    0.00000000 -0.01040103   -0.00000000  0.04244640
    2    1
 -0.00002433 -0.00002433    0.06426414  0.06426414   -0.06426414 -0.06426414
  0.06426414  0.06426414   -0.00002433 -0.00002433   -0.06426414 -0.06426414
 -0.06426414 -0.06426414   -0.06426414 -0.06426414   -0.00002433 -0.00002433
    2    2
  0.31777440  0.00000000    0.09576367  0.00000000   -0.09576367  0.00000000
  0.09576367  0.00000000    0.31777440  0.00000000   -0.09576367  0.00000000
 -0.09576367  0.00000000   -0.09576367  0.00000000    0.31777440  0.00000000
    2    3
 -0.02273585 -0.02273585   -0.01782911 -0.01782911    0.01782911  0.01782911
 -0.06475086 -0.06475086   -0.04259516 -0.04259516    0.00714774  0.00714774
  0.06475086  0.06475086    0.00714774  0.00714774   -0.04259516 -0.04259516
    2    4
 -0.04259516 -0.04259516   -0.06475086 -0.06475086    0.00714774  0.00714774
 -0.01782911 -0.01782911   -0.02273585 -0.02273585    0.01782911  0.01782911
  0.00714774  0.00714774    0.06475086  0.06475086   -0.04259516 -0.04259516
    2    5
 -0.04259516  0.04259516   -0.00714774  0.00714774    0.06475086 -0.06475086
 -0.00714774  0.00714774   -0.04259516  0.04259516    0.06475086 -0.06475086
  0.01782911 -0.01782911    0.01782911 -0.01782911   -0.02273585  0.02273585
    3    1
 -0.04244640  0.00000000   -0.02423832 -0.00000000    0.02423832  0.00000000
 -0.01040103  0.00000000   -0.00435844  0.00000000    0.01651704  0.00000000
  0.01040103 -0.00000000    0.01651704  0.00000000   -0.00435844  0.00000000
    3    2
 -0.02273585  0.02273585   -0.06475086  0.06475086    0.06475086 -0.06475086
 -0.01782911  0.01782911   -0.04259516  0.04259516    0.00714774 -0.00714774
  0.01782911 -0.01782911    0.00714774 -0.00714774   -0.04259516  0.04259516
    3    3
  0.31831192  0.00000000    0.02197913  0.00000000   -0.02197913  0.00000000
  0.02197913  0.00000000    0.13670124  0.00000000   -0.01355574  0.00000000
 -0.02197913  0.00000000   -0.01355574  0.00000000    0.13670124  0.00000000
    3    4
 -0.03349641  0.00000000    0.12896774  0.00000000   -0.01029786  0.00000000
  0.05556796  0.00000000   -0.03349641  0.00000000   -0.00535169  0.00000000
 -0.00535169  0.00000000   -0.01029786  0.00000000    0.01213897  0.00000000
    3    5
 -0.00000000  0.03349641    0.00000000 -0.01029786   -0.00000000  0.12896774
  0.00000000 -0.00535169    0.00000000 -0.01213897   -0.00000000  0.01029786
 -0.00000000  0.05556796   -0.00000000  0.00535169   -0.00000000  0.03349641
    4    1
 -0.00435844  0.00000000   -0.01040103  0.00000000    0.01651704  0.00000000
 -0.02423832 -0.00000000   -0.04244640  0.00000000    0.02423832  0.00000000
  0.01651704  0.00000000    0.01040103 -0.00000000   -0.00435844  0.00000000
    4    2
 -0.04259516  0.04259516   -0.01782911  0.01782911    0.00714774 -0.00714774
 -0.06475086  0.06475086   -0.02273585  0.02273585    0.06475086 -0.06475086
  0.00714774 -0.00714774    0.01782911 -0.01782911   -0.04259516  0.04259516
    4    3
 -0.03349641  0.00000000    0.05556796  0.00000000   -0.00535169  0.00000000
  0.12896774  0.00000000   -0.03349641  0.00000000   -0.01029786  0.00000000
 -0.01029786  0.00000000   -0.00535169  0.00000000    0.01213897  0.00000000
    4    4
  0.13670124  0.00000000    0.02197913  0.00000000   -0.01355574  0.00000000
  0.02197913  0.00000000    0.31831192  0.00000000   -0.02197913  0.00000000
 -0.01355574  0.00000000   -0.02197913  0.00000000    0.13670124  0.00000000
    4    5
  0.00000000 -0.01213897    0.00000000 -0.00535169   -0.00000000  0.01029786
  0.00000000 -0.01029786   -0.00000000  0.03349641   -0.00000000  0.12896774
 -0.00000000  0.00535169   -0.00000000  0.05556796   -0.00000000  0.03349641
    5    1
 -0.00000000 -0.00435844   -0.00000000 -0.01651704    0.00000000  0.01040103
 -0.00000000 -0.01651704   -0.00000000 -0.00435844    0.00000000  0.01040103
  0.00000000  0.02423832    0.00000000  0.02423832   -0.00000000 -0.04244640
    5    2
 -0.04259516 -0.04259516   -0.00714774 -0.00714774    0.01782911  0.01782911
 -0.00714774 -0.00714774   -0.04259516 -0.04259516    0.01782911  0.01782911
  0.06475086  0.06475086    0.06475086  0.06475086   -0.02273585 -0.02273585
    5    3
 -0.00000000 -0.03349641    0.00000000  0.00535169   -0.00000000 -0.05556796
  0.00000000  0.01029786    0.00000000  0.01213897   -0.00000000 -0.00535169
 -0.00000000 -0.12896774   -0.00000000 -0.01029786   -0.00000000 -0.03349641
    5    4
  0.00000000  0.01213897    0.00000000  0.01029786   -0.00000000 -0.00535169
  0.00000000  0.00535169   -0.00000000 -0.03349641   -0.00000000 -0.05556796
 -0.00000000 -0.01029786   -0.00000000 -0.12896774   -0.00000000 -0.03349641
    5    5
  0.13670124  0.00000000    0.01355574  0.00000000   -0.02197913  0.00000000
  0.01355574  0.00000000    0.13670124  0.00000000   -0.02197913  0.00000000
 -0.02197913  0.00000000   -0.02197913  0.00000000    0.31831192  0.00000000

     Dynamical  Matrix in cartesian axes

     q = (    0.250000000  -0.250000000   0.250000000 ) 

    1    1
  0.13285927  0.00000000   -0.01256873  0.00000000    0.01256873  0.00000000
 -0.01256873  0.00000000    0.13285927  0.00000000   -0.01256873  0.00000000
  0.01256873  0.00000000   -0.01256873  0.00000000    0.13285927  0.00000000
    1    2
 -0.00002433  0.00002433   -0.06426414  0.06426414    0.06426414 -0.06426414
 -0.06426414  0.06426414   -0.00002433  0.00002433   -0.06426414  0.06426414
  0.06426414 -0.06426414   -0.06426414  0.06426414   -0.00002433  0.00002433
    1    3
 -0.04244640 -0.00000000    0.01040103  0.00000000   -0.01040103 -0.00000000
  0.02423832 -0.00000000   -0.00435844 -0.00000000    0.01651704 -0.00000000
 -0.02423832  0.00000000    0.01651704 -0.00000000   -0.00435844 -0.00000000
    1    4
 -0.00000000  0.00435844    0.00000000 -0.02423832   -0.00000000  0.01651704
  0.00000000 -0.01040103   -0.00000000  0.04244640    0.00000000 -0.01040103
 -0.00000000  0.01651704    0.00000000 -0.02423832   -0.00000000  0.00435844
    1    5
 -0.00435844 -0.00000000    0.01651704 -0.00000000   -0.02423832  0.00000000
  0.01651704 -0.00000000   -0.00435844 -0.00000000    0.02423832 -0.00000000
 -0.01040103 -0.00000000    0.01040103  0.00000000   -0.04244640 -0.00000000
    2    1
 -0.00002433 -0.00002433   -0.06426414 -0.06426414    0.06426414  0.06426414
 -0.06426414 -0.06426414   -0.00002433 -0.00002433   -0.06426414 -0.06426414
  0.06426414  0.06426414   -0.06426414 -0.06426414   -0.00002433 -0.00002433
    2    2
  0.31777440  0.00000000   -0.09576367  0.00000000    0.09576367  0.00000000
 -0.09576367  0.00000000    0.31777440  0.00000000   -0.09576367  0.00000000
  0.09576367  0.00000000   -0.09576367  0.00000000    0.31777440  0.00000000
    2    3
 -0.02273585 -0.02273585    0.01782911  0.01782911   -0.01782911 -0.01782911
  0.06475086  0.06475086   -0.04259516 -0.04259516    0.00714774  0.00714774
 -0.06475086 -0.06475086    0.00714774  0.00714774   -0.04259516 -0.04259516
    2    4
 -0.04259516  0.04259516    0.06475086 -0.06475086   -0.00714774  0.00714774
  0.01782911 -0.01782911   -0.02273585  0.02273585    0.01782911 -0.01782911
 -0.00714774  0.00714774    0.06475086 -0.06475086   -0.04259516  0.04259516
    2    5
 -0.04259516 -0.04259516    0.00714774  0.00714774   -0.06475086 -0.06475086
  0.00714774  0.00714774   -0.04259516 -0.04259516    0.06475086  0.06475086
 -0.01782911 -0.01782911    0.01782911  0.01782911   -0.02273585 -0.02273585
    3    1
 -0.04244640  0.00000000    0.02423832  0.00000000   -0.02423832 -0.00000000
  0.01040103 -0.00000000   -0.00435844  0.00000000    0.01651704  0.00000000
 -0.01040103  0.00000000    0.01651704  0.00000000   -0.00435844  0.00000000
    3    2
 -0.02273585  0.02273585    0.06475086 -0.06475086   -0.06475086  0.06475086
  0.01782911 -0.01782911   -0.04259516  0.04259516    0.00714774 -0.00714774
 -0.01782911  0.01782911    0.00714774 -0.00714774   -0.04259516  0.04259516
    3    3
  0.31831192  0.00000000   -0.02197913  0.00000000    0.02197913  0.00000000
 -0.02197913  0.00000000    0.13670124  0.00000000   -0.01355574  0.00000000
  0.02197913  0.00000000   -0.01355574  0.00000000    0.13670124  0.00000000
    3    4
 -0.00000000  0.03349641   -0.00000000  0.12896774    0.00000000 -0.01029786
 -0.00000000  0.05556796   -0.00000000  0.03349641   -0.00000000  0.00535169
  0.00000000 -0.00535169   -0.00000000  0.01029786    0.00000000 -0.01213897
    3    5
 -0.03349641  0.00000000   -0.01029786  0.00000000    0.12896774  0.00000000
 -0.00535169  0.00000000    0.01213897  0.00000000   -0.01029786  0.00000000
  0.05556796  0.00000000   -0.00535169  0.00000000   -0.03349641  0.00000000
    4    1
 -0.00000000 -0.00435844    0.00000000  0.01040103   -0.00000000 -0.01651704
  0.00000000  0.02423832   -0.00000000 -0.04244640    0.00000000  0.02423832
 -0.00000000 -0.01651704    0.00000000  0.01040103   -0.00000000 -0.00435844
    4    2
 -0.04259516 -0.04259516    0.01782911  0.01782911   -0.00714774 -0.00714774
  0.06475086  0.06475086   -0.02273585 -0.02273585    0.06475086  0.06475086
 -0.00714774 -0.00714774    0.01782911  0.01782911   -0.04259516 -0.04259516
    4    3
 -0.00000000 -0.03349641   -0.00000000 -0.05556796    0.00000000  0.00535169
 -0.00000000 -0.12896774   -0.00000000 -0.03349641   -0.00000000 -0.01029786
  0.00000000  0.01029786   -0.00000000 -0.00535169    0.00000000  0.01213897
    4    4
  0.13670124  0.00000000   -0.02197913  0.00000000    0.01355574  0.00000000
 -0.02197913  0.00000000    0.31831192  0.00000000   -0.02197913  0.00000000
  0.01355574  0.00000000   -0.02197913  0.00000000    0.13670124  0.00000000
    4    5
  0.00000000  0.01213897   -0.00000000 -0.00535169    0.00000000  0.01029786
 -0.00000000 -0.01029786   -0.00000000 -0.03349641   -0.00000000 -0.12896774
  0.00000000  0.00535169   -0.00000000 -0.05556796   -0.00000000 -0.03349641
    5    1
 -0.00435844  0.00000000    0.01651704  0.00000000   -0.01040103  0.00000000
  0.01651704  0.00000000   -0.00435844  0.00000000    0.01040103 -0.00000000
 -0.02423832 -0.00000000    0.02423832  0.00000000   -0.04244640  0.00000000
    5    2
 -0.04259516  0.04259516    0.00714774 -0.00714774   -0.01782911  0.01782911
  0.00714774 -0.00714774   -0.04259516  0.04259516    0.01782911 -0.01782911
 -0.06475086  0.06475086    0.06475086 -0.06475086   -0.02273585  0.02273585
    5    3
 -0.03349641  0.00000000   -0.00535169  0.00000000    0.05556796  0.00000000
 -0.01029786  0.00000000    0.01213897  0.00000000   -0.00535169  0.00000000
  0.12896774  0.00000000   -0.01029786  0.00000000   -0.03349641  0.00000000
    5    4
  0.00000000 -0.01213897   -0.00000000  0.01029786    0.00000000 -0.00535169
 -0.00000000  0.00535169   -0.00000000  0.03349641   -0.00000000  0.05556796
  0.00000000 -0.01029786   -0.00000000  0.12896774   -0.00000000  0.03349641
    5    5
  0.13670124  0.00000000   -0.01355574  0.00000000    0.02197913  0.00000000
 -0.01355574  0.00000000    0.13670124  0.00000000   -0.02197913  0.00000000
  0.02197913  0.00000000   -0.02197913  0.00000000    0.31831192  0.00000000

     Dynamical  Matrix in cartesian axes

     q = (    0.250000000  -0.250000000  -0.250000000 ) 

    1    1
  0.13285927  0.00000000   -0.01256873  0.00000000   -0.01256873  0.00000000
 -0.01256873  0.00000000    0.13285927  0.00000000    0.01256873  0.00000000
 -0.01256873  0.00000000    0.01256873  0.00000000    0.13285927  0.00000000
    1    2
 -0.00002433 -0.00002433   -0.06426414 -0.06426414   -0.06426414 -0.06426414
 -0.06426414 -0.06426414   -0.00002433 -0.00002433    0.06426414  0.06426414
 -0.06426414 -0.06426414    0.06426414  0.06426414   -0.00002433 -0.00002433
    1    3
 -0.00000000 -0.04244640    0.00000000  0.01040103    0.00000000  0.01040103
  0.00000000  0.02423832   -0.00000000 -0.00435844   -0.00000000 -0.01651704
  0.00000000  0.02423832   -0.00000000 -0.01651704   -0.00000000 -0.00435844
    1    4
 -0.00435844 -0.00000000    0.02423832 -0.00000000    0.01651704 -0.00000000
  0.01040103  0.00000000   -0.04244640 -0.00000000   -0.01040103 -0.00000000
  0.01651704 -0.00000000   -0.02423832  0.00000000   -0.00435844 -0.00000000
    1    5
 -0.00435844 -0.00000000    0.01651704 -0.00000000    0.02423832 -0.00000000
  0.01651704 -0.00000000   -0.00435844 -0.00000000   -0.02423832  0.00000000
  0.01040103  0.00000000   -0.01040103 -0.00000000   -0.04244640 -0.00000000
    2    1
 -0.00002433  0.00002433   -0.06426414  0.06426414   -0.06426414  0.06426414
 -0.06426414  0.06426414   -0.00002433  0.00002433    0.06426414 -0.06426414
 -0.06426414  0.06426414    0.06426414 -0.06426414   -0.00002433  0.00002433
    2    2
  0.31777440  0.00000000   -0.09576367  0.00000000   -0.09576367  0.00000000
 -0.09576367  0.00000000    0.31777440  0.00000000    0.09576367  0.00000000
 -0.09576367  0.00000000    0.09576367  0.00000000    0.31777440  0.00000000
    2    3
 -0.02273585 -0.02273585    0.01782911  0.01782911    0.01782911  0.01782911
  0.06475086  0.06475086   -0.04259516 -0.04259516   -0.00714774 -0.00714774
  0.06475086  0.06475086   -0.00714774 -0.00714774   -0.04259516 -0.04259516
    2    4
 -0.04259516  0.04259516    0.06475086 -0.06475086    0.00714774 -0.00714774
  0.01782911 -0.01782911   -0.02273585  0.02273585   -0.01782911  0.01782911
  0.00714774 -0.00714774   -0.06475086  0.06475086   -0.04259516  0.04259516
    2    5
 -0.04259516  0.04259516    0.00714774 -0.00714774    0.06475086 -0.06475086
  0.00714774 -0.00714774   -0.04259516  0.04259516   -0.06475086  0.06475086
  0.01782911 -0.01782911   -0.01782911  0.01782911   -0.02273585  0.02273585
    3    1
 -0.00000000  0.04244640    0.00000000 -0.02423832    0.00000000 -0.02423832
  0.00000000 -0.01040103   -0.00000000  0.00435844   -0.00000000  0.01651704
  0.00000000 -0.01040103   -0.00000000  0.01651704   -0.00000000  0.00435844
    3    2
 -0.02273585  0.02273585    0.06475086 -0.06475086    0.06475086 -0.06475086
  0.01782911 -0.01782911   -0.04259516  0.04259516   -0.00714774  0.00714774
  0.01782911 -0.01782911   -0.00714774  0.00714774   -0.04259516  0.04259516
    3    3
  0.31831192  0.00000000   -0.02197913  0.00000000   -0.02197913  0.00000000
 -0.02197913  0.00000000    0.13670124  0.00000000    0.01355574  0.00000000
 -0.02197913  0.00000000    0.01355574  0.00000000    0.13670124  0.00000000
    3    4
 -0.00000000  0.03349641   -0.00000000  0.12896774   -0.00000000  0.01029786
 -0.00000000  0.05556796   -0.00000000  0.03349641    0.00000000 -0.00535169
 -0.00000000  0.00535169    0.00000000 -0.01029786    0.00000000 -0.01213897
    3    5
 -0.00000000  0.03349641   -0.00000000  0.01029786   -0.00000000  0.12896774
 -0.00000000  0.00535169    0.00000000 -0.01213897    0.00000000 -0.01029786
 -0.00000000  0.05556796    0.00000000 -0.00535169   -0.00000000  0.03349641
    4    1
 -0.00435844  0.00000000    0.01040103 -0.00000000    0.01651704  0.00000000
  0.02423832  0.00000000   -0.04244640  0.00000000   -0.02423832 -0.00000000
  0.01651704  0.00000000   -0.01040103  0.00000000   -0.00435844  0.00000000
    4    2
 -0.04259516 -0.04259516    0.01782911  0.01782911    0.00714774  0.00714774
  0.06475086  0.06475086   -0.02273585 -0.02273585   -0.06475086 -0.06475086
  0.00714774  0.00714774   -0.01782911 -0.01782911   -0.04259516 -0.04259516
    4    3
 -0.00000000 -0.03349641   -0.00000000 -0.05556796   -0.00000000 -0.00535169
 -0.00000000 -0.12896774   -0.00000000 -0.03349641    0.00000000  0.01029786
 -0.00000000 -0.01029786    0.00000000  0.00535169    0.00000000  0.01213897
    4    4
  0.13670124  0.00000000   -0.02197913  0.00000000   -0.01355574  0.00000000
 -0.02197913  0.00000000    0.31831192  0.00000000    0.02197913  0.00000000
 -0.01355574  0.00000000    0.02197913  0.00000000    0.13670124  0.00000000
    4    5
  0.01213897  0.00000000   -0.00535169  0.00000000   -0.01029786  0.00000000
 -0.01029786  0.00000000   -0.03349641  0.00000000    0.12896774  0.00000000
 -0.00535169  0.00000000    0.05556796  0.00000000   -0.03349641  0.00000000
    5    1
 -0.00435844  0.00000000    0.01651704  0.00000000    0.01040103 -0.00000000
  0.01651704  0.00000000   -0.00435844  0.00000000   -0.01040103  0.00000000
  0.02423832  0.00000000   -0.02423832 -0.00000000   -0.04244640  0.00000000
    5    2
 -0.04259516 -0.04259516    0.00714774  0.00714774    0.01782911  0.01782911
  0.00714774  0.00714774   -0.04259516 -0.04259516   -0.01782911 -0.01782911
  0.06475086  0.06475086   -0.06475086 -0.06475086   -0.02273585 -0.02273585
    5    3
 -0.00000000 -0.03349641   -0.00000000 -0.00535169   -0.00000000 -0.05556796
 -0.00000000 -0.01029786    0.00000000  0.01213897    0.00000000  0.00535169
 -0.00000000 -0.12896774    0.00000000  0.01029786   -0.00000000 -0.03349641
    5    4
  0.01213897  0.00000000   -0.01029786  0.00000000   -0.00535169  0.00000000
 -0.00535169  0.00000000   -0.03349641  0.00000000    0.05556796  0.00000000
 -0.01029786  0.00000000    0.12896774  0.00000000   -0.03349641  0.00000000
    5    5
  0.13670124  0.00000000   -0.01355574  0.00000000   -0.02197913  0.00000000
 -0.01355574  0.00000000    0.13670124  0.00000000    0.02197913  0.00000000
 -0.02197913  0.00000000    0.02197913  0.00000000    0.31831192  0.00000000

     Dynamical  Matrix in cartesian axes

     q = (   -0.250000000  -0.250000000   0.250000000 ) 

    1    1
  0.13285927  0.00000000    0.01256873  0.00000000   -0.01256873  0.00000000
  0.01256873  0.00000000    0.13285927  0.00000000   -0.01256873  0.00000000
 -0.01256873  0.00000000   -0.01256873  0.00000000    0.13285927  0.00000000
    1    2
 -0.00002433 -0.00002433    0.06426414  0.06426414   -0.06426414 -0.06426414
  0.06426414  0.06426414   -0.00002433 -0.00002433   -0.06426414 -0.06426414
 -0.06426414 -0.06426414   -0.06426414 -0.06426414   -0.00002433 -0.00002433
    1    3
 -0.04244640 -0.00000000   -0.01040103 -0.00000000    0.01040103  0.00000000
 -0.02423832  0.00000000   -0.00435844 -0.00000000    0.01651704 -0.00000000
  0.02423832 -0.00000000    0.01651704 -0.00000000   -0.00435844 -0.00000000
    1    4
 -0.00435844 -0.00000000   -0.02423832  0.00000000    0.01651704 -0.00000000
 -0.01040103 -0.00000000   -0.04244640 -0.00000000    0.01040103  0.00000000
  0.01651704 -0.00000000    0.02423832 -0.00000000   -0.00435844 -0.00000000
    1    5
 -0.00000000 -0.00435844   -0.00000000 -0.01651704    0.00000000  0.02423832
 -0.00000000 -0.01651704   -0.00000000 -0.00435844    0.00000000  0.02423832
  0.00000000  0.01040103    0.00000000  0.01040103   -0.00000000 -0.04244640
    2    1
 -0.00002433  0.00002433    0.06426414 -0.06426414   -0.06426414  0.06426414
  0.06426414 -0.06426414   -0.00002433  0.00002433   -0.06426414  0.06426414
 -0.06426414  0.06426414   -0.06426414  0.06426414   -0.00002433  0.00002433
    2    2
  0.31777440  0.00000000    0.09576367  0.00000000   -0.09576367  0.00000000
  0.09576367  0.00000000    0.31777440  0.00000000   -0.09576367  0.00000000
 -0.09576367  0.00000000   -0.09576367  0.00000000    0.31777440  0.00000000
    2    3
 -0.02273585  0.02273585   -0.01782911  0.01782911    0.01782911 -0.01782911
 -0.06475086  0.06475086   -0.04259516  0.04259516    0.00714774 -0.00714774
  0.06475086 -0.06475086    0.00714774 -0.00714774   -0.04259516  0.04259516
    2    4
 -0.04259516  0.04259516   -0.06475086  0.06475086    0.00714774 -0.00714774
 -0.01782911  0.01782911   -0.02273585  0.02273585    0.01782911 -0.01782911
  0.00714774 -0.00714774    0.06475086 -0.06475086   -0.04259516  0.04259516
    2    5
 -0.04259516 -0.04259516   -0.00714774 -0.00714774    0.06475086  0.06475086
 -0.00714774 -0.00714774   -0.04259516 -0.04259516    0.06475086  0.06475086
